4 0.2086689453125 0.22177441406250004 0.2129541015625 0.2290830078125 0.2147177734375 0.23412304687500002 0.21723828125 0.2366435546875 0.2197578125 0.24294335937499997 0.22832617187499998 0.2545361328125 0.23588671875 0.2615927734375 0.23891113281250004 0.26612890625 0.2477314453125 0.2734375 0.24974804687500002 0.2774697265625 0.2522685546875 0.27973828125 0.257056640625 0.2822578125 0.2689013671875 0.2918349609375 0.298134765625 0.304939453125 0.310736328125 0.3069560546875 0.31489453125 0.30619921875 0.3291328125 0.31098828125 0.341986328125 0.312751953125 0.3555947265625 0.310736328125 0.3644150390625 0.3067041015625 0.3719755859375 0.304939453125 0.3800400390625 0.2988916015625 0.3956650390625 0.290826171875 0.4019658203125 0.281501953125 0.4072578125 0.2792333984375 0.41229882812500007 0.2714208984375 0.4208671875 0.26411328125 0.42691503906249995 0.2527724609375 0.4349794921875 0.21723828125 0.436744140625 0.1980849609375 0.43901171874999995 0.1897685546875 0.43901171874999995 0.172126953125 0.43699609375000004 0.1602822265625 0.4334677734375 0.148689453125 0.430443359375 0.140625 0.4206152343749999 0.12273144531249999 0.4102822265625 0.109375 0.399697265625 0.0985380859375 0.3865927734375 0.0884580078125 0.360634765625 0.0738408203125 0.334173828125 0.06401171875 0.3225810546875 0.062248046875 0.2860380859375 0.0647685546875 0.2789814453125 0.063759765625 0.275201171875 0.0652724609375 0.2691533203125 0.0657763671875 0.25831640625 0.0703125 0.2379033203125 0.0814013671875 0.22631054687500002 0.0917333984375 0.2147177734375 0.10483886718749999 0.2084169921875 0.116431640625 0.2041328125 0.1277724609375 0.2011083984375 0.140373046875 0.1988408203125 0.15776171875 0.1983369140625 0.17237890625 0.1990927734375 0.185736328125 0.203125 0.2058974609375 0.2086689453125 0.22177441406250004
11 0.13230859375 0.6058466796875 0.1328125 0.616431640625 0.13432421875 0.6194560546875 0.1353330078125 0.626259765625 0.142388671875 0.6459169921875 0.141380859375 0.6509580078125 0.1383564453125 0.6537294921875 0.1381044921875 0.6552421875 0.141884765625 0.663810546875 0.146673828125 0.6670869140625 0.147681640625 0.670615234375 0.155998046875 0.6786796875 0.16456640625 0.6806953125 0.1673388671875 0.68598828125 0.1776708984375 0.6910283203125 0.1837197265625 0.6973291015625 0.196068359375 0.7061494140625 0.20438476562500002 0.710181640625 0.21849804687500002 0.7149697265625 0.22832617187499998 0.7167333984375 0.25050390625 0.71723828125 0.2646171875 0.7157255859375 0.2850302734375 0.7079130859375 0.28855859375 0.7051416015625 0.2958671875 0.701865234375 0.31098828125 0.6900205078125 0.3235888671875 0.6751513671875 0.32762109375 0.6683466796875 0.3321572265625 0.657509765625 0.334677734375 0.6459169921875 0.3359375 0.6287802734375 0.3329130859375 0.5909775390625 0.328376953125 0.5771171875 0.327369140625 0.56401171875 0.3251005859375 0.5526708984375 0.3203125 0.5345263671875 0.3180439453125 0.529486328125 0.3150205078125 0.509576171875 0.3092236328125 0.4879033203125 0.3084677734375 0.4730341796875 0.311240234375 0.45514160156249994 0.3155244140625 0.4415322265625 0.3253525390625 0.42137109375000004 0.3329130859375 0.4115419921875 0.33644140625 0.40448632812500007 0.3382060546875 0.3974296875 0.3457666015625 0.3787802734375 0.35105859375 0.35206640625 0.3515625 0.3384580078125 0.3472783203125 0.3245966796875 0.345009765625 0.3213203125 0.3389619140625 0.31980859375 0.328376953125 0.3203125 0.3162802734375 0.3167841796875 0.3024189453125 0.3150205078125 0.282509765625 0.313759765625 0.2689013671875 0.31401171875 0.2568046875 0.319052734375 0.2462197265625 0.3253525390625 0.2177421875 0.3495458984375 0.2011083984375 0.3702119140625 0.1819560546875 0.397177734375 0.1769150390625 0.40801367187499993 0.1728828125 0.4140625 0.1673388671875 0.42918359375000004 0.1612900390625 0.44027246093750005 0.15776171875 0.452873046875 0.146673828125 0.4775703125 0.1426416015625 0.483619140625 0.1348291015625 0.508568359375 0.13130078125 0.53276171875 0.1292841796875 0.563759765625 0.1295361328125 0.585685546875 0.1307958984375 0.60005078125 0.13230859375 0.6058466796875
4 0.446068359375 0.2802421875 0.45362890624999996 0.2941025390625 0.46144140624999996 0.29838671875 0.47026171874999995 0.3089716796875 0.4725302734375 0.3094755859375 0.4803427734375 0.3177919921875 0.4856347656250001 0.32182421875 0.508568359375 0.3324091796875 0.5347783203125 0.336189453125 0.555947265625 0.3334169921875 0.5748486328125 0.3261083984375 0.59223828125 0.3162802734375 0.61088671875 0.3009072265625 0.6136591796875 0.2978828125 0.6212197265625 0.283013671875 0.63432421875 0.2547880859375 0.639365234375 0.2323583984375 0.6381044921875 0.20942578125 0.6355849609375 0.1885078125 0.6287802734375 0.173638671875 0.61869921875 0.1600302734375 0.6118955078125 0.1529736328125 0.6103828125 0.1446572265625 0.607611328125 0.1426416015625 0.60307421875 0.142388671875 0.59526171875 0.139365234375 0.5869453125 0.13331640625 0.571572265625 0.1290322265625 0.5675400390625 0.12651171875 0.5428427734375 0.12247949218750001 0.53755078125 0.123236328125 0.5362900390625 0.12449609375 0.5292333984375 0.12651171875 0.516884765625 0.132056640625 0.51411328125 0.132056640625 0.5126005859375 0.1300400390625 0.5110888671875 0.1297880859375 0.500251953125 0.133064453125 0.49437207031249997 0.1379365234375 0.4881552734375 0.14012109375 0.4649697265625 0.1587705078125 0.4508564453125 0.1751513671875 0.44732910156249994 0.185736328125 0.4430439453125 0.1922880859375 0.4387597656250001 0.203125 0.43699609375000004 0.21875 0.43573632812500007 0.2368955078125 0.436744140625 0.24521191406250004 0.4453125 0.2724296875 0.446068359375 0.2802421875
4 0.6363408203125 0.2537802734375 0.62449609375 0.27973828125 0.62449609375 0.283013671875 0.6222275390625 0.2865419921875 0.6209677734375 0.2910791015625 0.625251953125 0.296623046875 0.626763671875 0.3006552734375 0.6464208984375 0.310736328125 0.6537294921875 0.31300390625 0.6600302734375 0.3167841796875 0.672630859375 0.3291328125 0.6756552734375 0.334677734375 0.679939453125 0.33644140625 0.685736328125 0.3407255859375 0.6910283203125 0.342490234375 0.694052734375 0.341986328125 0.69581640625 0.343498046875 0.70161328125 0.3447578125 0.727822265625 0.3465224609375 0.732611328125 0.34425390625 0.7537802734375 0.3387099609375 0.7568046875 0.334677734375 0.7852822265625 0.3203125 0.7988916015625 0.3092236328125 0.805947265625 0.305947265625 0.812751953125 0.297630859375 0.8243447265625001 0.2787294921875 0.8301416015625002 0.2620966796875 0.8341738281249998 0.2444560546875 0.834677734375 0.23361914062500003 0.8336689453125 0.2225302734375 0.8306455078124999 0.21018164062500003 0.8256044921875001 0.20161328125 0.821572265625 0.18901171875 0.81199609375 0.1756552734375 0.79536328125 0.1617939453125 0.7822578125 0.1527216796875 0.774697265625 0.148689453125 0.7537802734375 0.141380859375 0.74369921875 0.138861328125 0.727822265625 0.1381044921875 0.711693359375 0.139869140625 0.69581640625 0.1461689453125 0.6922880859375 0.148689453125 0.68598828125 0.149193359375 0.66456640625 0.1597783203125 0.6542333984375 0.1678427734375 0.6504541015625 0.1738916015625 0.6428935546875 0.181451171875 0.6378525390625 0.18901171875 0.639365234375 0.1993447265625 0.640876953125 0.2300908203125 0.6396171875 0.2411796875 0.6363408203125 0.2537802734375
13 0.3545869140625 0.6363408203125 0.35887109375 0.6459169921875 0.360634765625 0.65473828125 0.3651708984375 0.665322265625 0.3709677734375 0.6754033203125 0.3797880859375 0.6854833984375 0.384576171875 0.689263671875 0.3868447265625 0.6930439453125 0.39692578125 0.7011083984375 0.4049902343749999 0.704384765625 0.40776171874999995 0.7069052734375 0.4193544921875 0.709677734375 0.4256552734375 0.7132060546875 0.4337197265625 0.7134580078125 0.4385078125 0.7157255859375 0.44707617187499993 0.7164814453125 0.4541328125 0.7137099609375 0.4579130859375001 0.7134580078125 0.48261132812500007 0.7061494140625 0.483619140625 0.704384765625 0.49395117187499993 0.6995966796875 0.4954638671875 0.6975810546875 0.4987402343749999 0.697076171875 0.5030244140625 0.6943046875 0.5088203125 0.6925400390625 0.5196572265625 0.677923828125 0.5206650390625 0.67338671875 0.522177734375 0.671875 0.52192578125 0.6663310546875 0.5191533203125 0.6663310546875 0.51612890625 0.6680947265625 0.5088203125 0.66557421875 0.50630078125 0.6444052734375 0.50932421875 0.6428935546875 0.5115927734375 0.6449091796875 0.5131044921875 0.6428935546875 0.515876953125 0.64213671875 0.516884765625 0.64012109375 0.5194052734375 0.639869140625 0.524193359375 0.6368447265625 0.5272177734375 0.6381044921875 0.5292333984375 0.6363408203125 0.53175390625 0.6358369140625 0.537802734375 0.6370966796875 0.5410791015625 0.633568359375 0.5415830078125 0.6297880859375 0.5478828125 0.6149189453125 0.5511591796875 0.5995458984375 0.552923828125 0.5635078125 0.5519150390625 0.5428427734375 0.5458671875 0.515373046875 0.540322265625 0.49823632812500007 0.530494140625 0.47379003906249995 0.5244453125 0.46270117187499993 0.5126005859375 0.43472753906249995 0.5022685546875 0.40347753906249995 0.500251953125 0.40020117187499993 0.499244140625 0.390373046875 0.4947080078125 0.375251953125 0.49395117187499993 0.3694560546875 0.49168359375000004 0.3649189453125 0.4881552734375 0.3525703125 0.483619140625 0.3412294921875 0.4775703125 0.334173828125 0.4621972656250001 0.3271171875 0.45917382812500007 0.3271171875 0.45463671874999995 0.3248486328125 0.4463203125 0.3248486328125 0.444556640625 0.3238408203125 0.4332158203125 0.3223291015625 0.4175908203125 0.3240927734375 0.41607910156249994 0.326865234375 0.4087705078125 0.328125 0.4024697265625 0.3326611328125 0.3944052734375 0.341986328125 0.3878525390625 0.38331640625 0.3883564453125 0.3941533203125 0.3876005859375 0.40347753906249995 0.38331640625 0.43699609375000004 0.38130078125 0.446068359375 0.373236328125 0.4700097656250001 0.3613916015625 0.4947080078125 0.358619140625 0.506552734375 0.3583671875 0.5123486328125 0.352822265625 0.5224296875 0.352822265625 0.52494921875 0.3485380859375 0.5370458984375 0.3482861328125 0.547126953125 0.3457666015625 0.563255859375 0.3460185546875 0.59526171875 0.3475302734375 0.6015625 0.3482861328125 0.6131552734375 0.3545869140625 0.6363408203125
11 0.585685546875 0.5390625 0.5869453125 0.578125 0.5927421875 0.6053427734375 0.6066025390625 0.6439013671875 0.60987890625 0.6509580078125 0.6136591796875 0.654486328125 0.615927734375 0.6592744140625 0.6224794921875 0.66557421875 0.6370966796875 0.6761591796875 0.6444052734375 0.6796875 0.663306640625 0.6847275390625 0.6756552734375 0.68598828125 0.677923828125 0.6849794921875 0.680947265625 0.6854833984375 0.687751953125 0.6839716796875 0.6912802734375 0.6842236328125 0.7147177734375 0.678427734375 0.73487890625 0.664818359375 0.7295869140625 0.6572578125 0.727318359375 0.650201171875 0.728326171875 0.64692578125 0.733619140625 0.641884765625 0.7353828125 0.6358369140625 0.742439453125 0.6318046875 0.7469755859375 0.626259765625 0.7522685546875 0.623740234375 0.7535283203125 0.6219755859375 0.7706650390625 0.617439453125 0.77192578125 0.6181953125 0.772681640625 0.6161796875 0.772177734375 0.6113916015625 0.774697265625 0.594001953125 0.77394140625 0.570564453125 0.772681640625 0.5655244140625 0.7709169921875 0.56300390625 0.75630078125 0.4987402343749999 0.7537802734375 0.4808466796875 0.742943359375 0.4463203125 0.7368955078125 0.4322080078125 0.725806640625 0.41129003906249995 0.71244921875 0.3931455078125 0.7006044921875 0.3724794921875 0.6932958984375 0.3634072265625 0.689263671875 0.3553427734375 0.67918359375 0.3412294921875 0.6663310546875 0.326361328125 0.6607861328125 0.32081640625 0.654990234375 0.3170361328125 0.639869140625 0.3099794921875 0.6260078125 0.305443359375 0.6144150390625 0.303427734375 0.611138671875 0.30418359375 0.6063505859375 0.3069560546875 0.5894658203125 0.3228330078125 0.58442578125 0.3316533203125 0.5836689453125 0.3384580078125 0.5816533203125 0.341986328125 0.5814013671875 0.34526171875 0.5803935546875 0.3626513671875 0.5884580078125 0.476814453125 0.58644140625 0.5057958984375 0.585685546875 0.5390625
13 0.7900703125 0.56880078125 0.8145166015625002 0.5990419921875 0.821068359375 0.6058466796875 0.8291328124999999 0.6118955078125 0.8349296875000001 0.6149189453125 0.8495458984374998 0.626259765625 0.8709677734374999 0.6353330078125 0.874748046875 0.6355849609375 0.874748046875 0.20640136718749996 0.8626513671874999 0.20967773437499998 0.8550908203125 0.2144658203125 0.8490419921875001 0.2197578125 0.8419863281249998 0.2308466796875 0.835181640625 0.24823632812500002 0.8321572265625001 0.2620966796875 0.8251005859375 0.2832666015625 0.8235888671874999 0.289314453125 0.8240927734374999 0.2928427734375 0.8213203124999999 0.3125 0.81880078125 0.321068359375 0.8064511718750002 0.3462705078125 0.7850302734375 0.38331640625 0.77494921875 0.41129003906249995 0.7678935546875 0.4440527343749999 0.764869140625 0.46597753906249995 0.764365234375 0.4810986328125 0.7683974609375 0.515625 0.7832666015625 0.5572080078125 0.7900703125 0.56880078125
13 0.4765625 0.7615927734375 0.484626953125 0.78276171875 0.4889111328125 0.78855859375 0.49042382812500007 0.7923388671875 0.500251953125 0.804939453125 0.5204130859375 0.8271171875000001 0.529486328125 0.835685546875 0.5332666015625 0.8369453124999999 0.5428427734375 0.843498046875 0.5536796875 0.8467744140625 0.56880078125 0.8487900390624998 0.5761083984375 0.8485380859375 0.5814013671875 0.8497988281249998 0.584173828125 0.8487900390624998 0.587197265625 0.8490419921875001 0.603326171875 0.8447578124999999 0.6151708984375 0.8387099609375002 0.6305439453125 0.8243447265625001 0.634072265625 0.819052734375 0.6373486328125 0.811744140625 0.6416328125 0.796623046875 0.6449091796875 0.790322265625 0.64692578125 0.7701611328125 0.6504541015625 0.75630078125 0.6504541015625 0.7399189453125 0.648185546875 0.7099296875 0.6456650390625 0.694556640625 0.6431455078125 0.6852314453125 0.640876953125 0.68119921875 0.6338203125 0.6761591796875 0.625251953125 0.673134765625 0.6139111328125 0.66456640625 0.6083671875 0.6539814453125 0.6053427734375 0.6519658203125 0.60206640625 0.64112890625 0.5985380859375 0.6370966796875 0.5970263671875 0.6305439453125 0.5977822265625 0.626259765625 0.595513671875 0.624748046875 0.59324609375 0.616935546875 0.592994140625 0.6123994140625 0.5894658203125 0.6066025390625 0.5889619140625 0.5990419921875 0.58442578125 0.5849296875 0.5814013671875 0.579888671875 0.571068359375 0.5713203125 0.5665322265625 0.5693046875 0.560736328125 0.570060546875 0.5587197265625 0.568548828125 0.555947265625 0.56880078125 0.553427734375 0.5957666015625 0.5496474609375 0.6146669921875 0.5458671875 0.6270166015625 0.5441025390625 0.6386083984375 0.5279736328125 0.6663310546875 0.522177734375 0.67237890625 0.5189013671875 0.6741435546875 0.5105849609375 0.6842236328125 0.5088203125 0.6839716796875 0.506552734375 0.685736328125 0.5068046875 0.68901171875 0.5042841796875 0.69380078125 0.5027724609375 0.6943046875 0.501259765625 0.696572265625 0.49848828125000005 0.69682421875 0.49067578125000005 0.70362890625 0.4881552734375 0.7041328125 0.47076660156249994 0.7134580078125 0.46723828125000005 0.716986328125 0.46698632812500007 0.7313505859375 0.47076660156249994 0.7479833984375 0.47379003906249995 0.758064453125 0.4765625 0.7615927734375
13 0.133064453125 0.4196064453125 0.1484375 0.414818359375 0.1617939453125 0.405494140625 0.17036328125 0.4017138671875 0.179435546875 0.3941533203125 0.1920361328125 0.3802919921875 0.1985888671875 0.3699599609375 0.21270117187499998 0.352318359375 0.2212705078125 0.33543359375 0.2265625 0.3145166015625 0.22958691406250004 0.3074599609375 0.2321064453125 0.2941025390625 0.23286328125 0.28074609375 0.2323583984375 0.2724296875 0.22958691406250004 0.26411328125 0.2089208984375 0.2275703125 0.20236914062500003 0.2099296875 0.1978330078125 0.1900205078125 0.196572265625 0.1668349609375 0.1905244140625 0.15776171875 0.1895166015625 0.1474296875 0.1864921875 0.140625 0.1774189453125 0.133064453125 0.15675390625 0.1270166015625 0.1287802734375 0.126259765625 0.125 0.1277724609375 0.125 0.422126953125 0.1287802734375 0.422126953125 0.133064453125 0.4196064453125
13 0.27973828125 0.7832666015625 0.28175390625 0.7880546875 0.28125 0.7933466796875 0.2850302734375 0.80619921875 0.29057421875 0.8175400390624998 0.290826171875 0.81980859375 0.3004033203125 0.83442578125 0.3087197265625 0.844001953125 0.318548828125 0.851814453125 0.334173828125 0.8583671875000001 0.3495458984375 0.860634765625 0.3709677734375 0.85987890625 0.38432421875 0.8568544921875001 0.4017138671875 0.8487900390624998 0.4165830078125 0.8389619140625 0.4271669921875 0.828125 0.4364921875 0.8160283203125 0.4420361328125 0.80519140625 0.44808496093750005 0.7900703125 0.452873046875 0.757560546875 0.4521171875 0.7366435546875 0.45035253906249995 0.7227822265625 0.4463203125 0.718498046875 0.4271669921875 0.7159775390625 0.4024697265625 0.7061494140625 0.397177734375 0.703376953125 0.3792841796875 0.688759765625 0.3714716796875 0.6806953125 0.3644150390625 0.6698583984375 0.3566025390625 0.6474296875 0.3545869140625 0.6441533203125 0.3543349609375 0.640373046875 0.350806640625 0.6365927734375 0.3515625 0.633064453125 0.3475302734375 0.617943359375 0.34526171875 0.6136591796875 0.3397177734375 0.610634765625 0.3384580078125 0.61567578125 0.3379541015625 0.6376005859375 0.33644140625 0.649193359375 0.3316533203125 0.664314453125 0.328125 0.672126953125 0.322076171875 0.681451171875 0.31098828125 0.6932958984375 0.295111328125 0.7051416015625 0.2847783203125 0.7099296875 0.28074609375 0.7132060546875 0.2764619140625 0.73387109375 0.2772177734375 0.7376513671875 0.275201171875 0.764869140625 0.2762099609375 0.7792333984375 0.27973828125 0.7832666015625
13 0.6527216796875 0.72706640625 0.65675390625 0.7381552734375 0.664818359375 0.74848828125 0.6673388671875 0.7540322265625 0.6771669921875 0.76612890625 0.703880859375 0.7900703125 0.733115234375 0.8069560546875 0.742943359375 0.8097275390624998 0.7603330078125 0.811744140625 0.7772177734375 0.8089716796875 0.7852822265625 0.80619921875 0.8006552734374999 0.796119140625 0.8172880859375 0.78074609375 0.821572265625 0.7759580078125 0.8319052734374999 0.756552734375 0.8359375 0.7449599609375 0.83644140625 0.7235380859375 0.828376953125 0.6988408203125 0.8261083984374998 0.68598828125 0.827873046875 0.6824599609375 0.826865234375 0.678427734375 0.827369140625 0.6746474609375 0.8245966796875 0.671875 0.8235888671874999 0.6678427734375 0.8180439453125 0.6590224609375 0.8150205078124999 0.64793359375 0.80418359375 0.626259765625 0.798134765625 0.618447265625 0.7913310546875 0.6123994140625 0.7880546875 0.6121474609375 0.7850302734375 0.610634765625 0.77192578125 0.6144150390625 0.7704130859375 0.61769140625 0.7628525390625 0.6227314453125 0.7620966796875 0.62651171875 0.7628525390625 0.6282763671875 0.756552734375 0.6360888671875 0.7532763671875 0.6381044921875 0.75151171875 0.6353330078125 0.74848828125 0.6363408203125 0.7457158203125 0.6355849609375 0.7444560546875 0.6378525390625 0.741935546875 0.639365234375 0.7381552734375 0.6381044921875 0.7363916015625 0.6439013671875 0.7366435546875 0.6474296875 0.7303427734375 0.663306640625 0.7310986328125 0.6691025390625 0.7164814453125 0.678427734375 0.704888671875 0.6824599609375 0.689263671875 0.68598828125 0.67918359375 0.68699609375 0.6678427734375 0.68699609375 0.654990234375 0.6837197265625 0.6494453125 0.6834677734375 0.647177734375 0.6822080078125 0.6464208984375 0.6837197265625 0.6461689453125 0.689263671875 0.6507060546875 0.71043359375 0.6512099609375 0.72026171875 0.6527216796875 0.72706640625
11 0.2086689453125 0.2222783203125 0.2167333984375 0.23916308593749996 0.2316025390625 0.259072265625 0.250755859375 0.2789814453125 0.2681455078125 0.2913310546875 0.2946064453125 0.3036796875 0.2998994140625 0.305443359375 0.3104833984375 0.3069560546875 0.31300390625 0.306451171875 0.328880859375 0.31098828125 0.341986328125 0.3125 0.3555947265625 0.310736328125 0.3636591796875 0.3069560546875 0.36869921875 0.30619921875 0.3807958984375 0.29838671875 0.389365234375 0.2948583984375 0.3964208984375 0.290322265625 0.4022177734375 0.28175390625 0.4075097656250001 0.279486328125 0.41355859375000004 0.2701611328125 0.4178427734375 0.2676416015625 0.42036328125000005 0.264869140625 0.4259072265625 0.2545361328125 0.429939453125 0.24168359375 0.43145117187499993 0.23109863281250004 0.43548339843750006 0.21723828125 0.43573632812500007 0.20438476562500002 0.43951660156249994 0.186240234375 0.438255859375 0.1660791015625 0.43598828125000005 0.15574609375 0.43119921874999995 0.14213671875 0.4185986328125 0.11945605468750001 0.4100302734375 0.10887109375 0.399193359375 0.0982861328125 0.384072265625 0.086693359375 0.37348828125 0.0811494140625 0.3697080078125 0.0801416015625 0.3681953125 0.078125 0.357611328125 0.0725810546875 0.3427421875 0.0680439453125 0.3369453125 0.0650205078125 0.326865234375 0.062751953125 0.313759765625 0.06199609375 0.2857861328125 0.063759765625 0.279486328125 0.063255859375 0.2694052734375 0.0652724609375 0.24243945312499998 0.07762109375 0.22530273437499998 0.09223828125 0.2147177734375 0.10383105468750001 0.21043359375 0.110634765625 0.20640136718749996 0.1181953125 0.2011083984375 0.1338203125 0.1988408203125 0.1517138671875 0.1985888671875 0.1774189453125 0.20010058593749996 0.1930439453125 0.203125 0.20640136718749996 0.2086689453125 0.2222783203125