11 0.305947265625 0.609375 0.3213203125 0.62550390625 0.3321572265625 0.63130078125 0.3329130859375 0.633568359375 0.33644140625 0.6363408203125 0.34324609375 0.63911328125 0.353326171875 0.64112890625 0.3603828125 0.6454130859375 0.3787802734375 0.64894140625 0.399697265625 0.648185546875 0.4027216796875 0.647177734375 0.4075097656250001 0.647681640625 0.4153222656250001 0.6464208984375 0.4410283203125 0.63911328125 0.4541328125 0.6328125 0.4566533203125 0.632560546875 0.5224296875 0.5987900390625 0.5322578125 0.5882060546875 0.539314453125 0.5839208984375 0.5509072265625 0.5733369140625 0.555947265625 0.5713203125 0.56098828125 0.5650205078125 0.56980859375 0.5579638671875 0.576361328125 0.5546875 0.5801416015625 0.5506552734375 0.585181640625 0.54838671875 0.58744921875 0.546119140625 0.5975302734375 0.5418349609375 0.61567578125 0.529486328125 0.6229833984375 0.5264619140625 0.6260078125 0.523689453125 0.638861328125 0.5191533203125 0.64112890625 0.51713671875 0.66557421875 0.506552734375 0.6766630859375 0.5 0.694052734375 0.4873994140624999 0.70161328125 0.4833671875 0.7069052734375 0.4790830078125 0.720513671875 0.4644658203125 0.7290830078125 0.4495966796875 0.7333671875 0.42389160156249994 0.7333671875 0.414818359375 0.7316025390625 0.40423339843750006 0.720513671875 0.3848291015625 0.70161328125 0.3692041015625 0.6907763671875 0.3644150390625 0.679435546875 0.361138671875 0.6585185546875 0.35887109375 0.6529736328125 0.359626953125 0.649697265625 0.3583671875 0.6441533203125 0.3583671875 0.6270166015625 0.359626953125 0.60786328125 0.3621474609375 0.600806640625 0.3644150390625 0.58744921875 0.36567578125 0.5771171875 0.367943359375 0.5740927734375 0.365927734375 0.5723291015625 0.36668359375 0.568548828125 0.3661796875 0.55418359375 0.3709677734375 0.54536328125 0.3714716796875 0.5420869140625 0.37348828125 0.537298828125 0.3727314453125 0.530998046875 0.374748046875 0.49017089843750006 0.37348828125 0.4488408203125 0.3790322265625 0.4284277343749999 0.3855849609375 0.4110380859375001 0.3949091796875 0.3994453125 0.398689453125 0.3946572265625 0.4019658203125 0.3865927734375 0.4052421875 0.38331640625 0.4087705078125 0.3785283203125 0.4107861328125 0.376763671875 0.4128027343749999 0.365927734375 0.4173388671875 0.3634072265625 0.421623046875 0.359123046875 0.4248994140624999 0.3564765625 0.428931640625 0.3525703125 0.4284277343749999 0.3472783203125 0.43119921874999995 0.3427421875 0.436744140625 0.3389619140625 0.43951660156249994 0.3379541015625 0.4420361328125 0.3243447265625 0.452873046875 0.3238408203125 0.4564013671875 0.3180439453125 0.46244921874999995 0.31098828125 0.47454589843750006 0.30619921875 0.4803427734375 0.2935986328125 0.5045361328125 0.290826171875 0.516884765625 0.28855859375 0.52192578125 0.2865419921875 0.5367939453125 0.2865419921875 0.5498994140625 0.290322265625 0.5602314453125 0.2930947265625 0.5816533203125 0.305947265625 0.609375
13 0.45136132812500007 0.7935986328125 0.45262109375000004 0.804435546875 0.4584169921875 0.8291328124999999 0.4642138671875 0.8389619140625 0.467994140625 0.8470263671874999 0.46925390624999996 0.85206640625 0.47807421874999995 0.8681953124999999 0.4798388671875 0.8732363281249998 0.48261132812500007 0.87651171875 0.4909277343749999 0.8926416015625002 0.49420410156249994 0.8966738281249998 0.49798339843750006 0.9052421875000001 0.52192578125 0.928931640625 0.532509765625 0.9364921875000001 0.53956640625 0.93800390625 0.5428427734375 0.9435488281249998 0.5478828125 0.94581640625 0.5504033203125 0.945060546875 0.5526708984375 0.94581640625 0.555443359375 0.9485888671874999 0.5635078125 0.9511083984374998 0.5740927734375 0.951865234375 0.57661328125 0.953125 0.5791328125 0.951865234375 0.5819052734375 0.953880859375 0.587197265625 0.9541328124999999 0.5894658203125 0.9501005859375 0.5887099609375 0.94581640625 0.58543359375 0.9392636718750002 0.5824091796875 0.93598828125 0.5819052734375 0.9322080078124999 0.57862890625 0.92918359375 0.5667841796875 0.89994921875 0.5665322265625 0.8966738281249998 0.5635078125 0.8888613281249998 0.56199609375 0.8782763671874999 0.5614921875 0.8621474609375002 0.562751953125 0.8336689453125 0.5675400390625 0.8074599609375002 0.5693046875 0.8036796875000001 0.5693046875 0.8001513671874999 0.5730849609375 0.7910791015625 0.58442578125 0.7787294921875 0.615423828125 0.758568359375 0.625755859375 0.75050390625 0.641884765625 0.741431640625 0.6512099609375 0.73286328125 0.663306640625 0.7237900390625 0.6683466796875 0.716986328125 0.663306640625 0.71043359375 0.6433974609375 0.6920361328125 0.6358369140625 0.687751953125 0.6181953125 0.6751513671875 0.6015625 0.665826171875 0.586189453125 0.6534775390625 0.576865234375 0.6444052734375 0.56980859375 0.6396171875 0.5587197265625 0.6295361328125 0.5498994140625 0.6239921875 0.54536328125 0.6194560546875 0.537802734375 0.6146669921875 0.5194052734375 0.6103828125 0.509072265625 0.61088671875 0.5035283203125 0.6121474609375 0.4879033203125 0.6192041015625 0.4647177734375 0.6360888671875 0.4569052734375 0.6474296875 0.453376953125 0.657509765625 0.4501005859375001 0.6738916015625 0.44808496093750005 0.697076171875 0.4485888671875 0.716986328125 0.44707617187499993 0.7600810546875 0.4495966796875 0.788810546875 0.45136132812500007 0.7935986328125
13 0.21849804687500002 0.751763671875 0.22353808593749996 0.7678935546875 0.22631054687500002 0.7870458984375 0.2300908203125 0.8036796875000001 0.2396669921875 0.8311494140625 0.25151171875 0.8465224609375002 0.2686494140625 0.85887109375 0.287802734375 0.8782763671874999 0.298134765625 0.881552734375 0.305443359375 0.88230859375 0.310736328125 0.8848291015625002 0.31401171875 0.8845761718750002 0.3182958984375 0.8863408203125 0.3238408203125 0.8863408203125 0.3319052734375 0.8850810546875 0.341103515625 0.8807958984374998 0.3462705078125 0.8800400390624998 0.3490419921875 0.8770166015625002 0.35786328125 0.875 0.3629033203125 0.8724794921875001 0.368951171875 0.8671875 0.3712197265625 0.8636591796875 0.37348828125 0.8629033203125 0.3807958984375 0.8545869140625 0.3916328125 0.8472783203125 0.3951611328125 0.8462705078124999 0.4049902343749999 0.83644140625 0.41229882812500007 0.820060546875 0.41582617187499993 0.8182958984374998 0.43699609375000004 0.7915830078125 0.43901171874999995 0.7860380859375 0.4417841796875 0.78276171875 0.44354882812500007 0.76512109375 0.44329589843750006 0.7535283203125 0.445060546875 0.7449599609375 0.4443046875 0.709677734375 0.44581640624999996 0.6925400390625 0.4427919921875 0.6824599609375 0.4427919921875 0.671119140625 0.44354882812500007 0.6683466796875 0.44707617187499993 0.664818359375 0.44682421874999995 0.6610380859375 0.4490927734375 0.6595263671875 0.4490927734375 0.656501953125 0.4443046875 0.654486328125 0.4412802734375 0.65574609375 0.43598828125000005 0.6507060546875 0.4344755859375001 0.6517138671875 0.4327119140624999 0.6509580078125 0.4322080078125 0.648689453125 0.4284277343749999 0.6451611328125 0.4256552734375 0.647177734375 0.42338671874999995 0.6474296875 0.42237890624999996 0.6509580078125 0.4206152343749999 0.6522177734375 0.41456640624999996 0.649697265625 0.407005859375 0.6504541015625 0.4052421875 0.6517138671875 0.4024697265625 0.6504541015625 0.3853330078125 0.6504541015625 0.368447265625 0.648185546875 0.3414814453125 0.639869140625 0.3321572265625 0.6348291015625 0.3291328125 0.6318046875 0.326865234375 0.63130078125 0.305947265625 0.611138671875 0.2925908203125 0.58442578125 0.2845263671875 0.546875 0.2862900390625 0.523689453125 0.2850302734375 0.5176416015625 0.28276171875 0.5199091796875 0.27973828125 0.5186494140625 0.2772177734375 0.5189013671875 0.26713671875 0.539818359375 0.258064453125 0.562751953125 0.25630078125 0.564263671875 0.2530244140625 0.571068359375 0.2530244140625 0.5748486328125 0.250251953125 0.578376953125 0.23387109375 0.6197080078125 0.23412304687500002 0.6229833984375 0.2321064453125 0.62651171875 0.23311523437499998 0.6297880859375 0.23135058593749996 0.63230859375 0.2303427734375 0.6373486328125 0.2275703125 0.640373046875 0.2288310546875 0.6436494140625 0.22832617187499998 0.6454130859375 0.22479882812500002 0.6484375 0.2119453125 0.696068359375 0.2109375 0.7021171875 0.2119453125 0.7134580078125 0.2149697265625 0.72706640625 0.21849804687500002 0.751763671875
13 0.2870458984375 0.42137109375000004 0.2880546875 0.4286796875 0.28956640625 0.429435546875 0.289818359375 0.431283203125 0.288810546875 0.4344755859375001 0.2870458984375 0.43548339843750006 0.2865419921875 0.4430439453125 0.287802734375 0.4465722656250001 0.2867939453125 0.4566533203125 0.287802734375 0.4634580078125 0.2865419921875 0.46698632812500007 0.2855341796875 0.4903515625 0.282005859375 0.50831640625 0.282509765625 0.5123486328125 0.2850302734375 0.51411328125 0.287802734375 0.5133564453125 0.288810546875 0.50932421875 0.290322265625 0.5078125 0.2920869140625 0.5 0.2993955078125 0.4873994140624999 0.3056953125 0.4803427734375 0.3077119140625 0.47379003906249995 0.31098828125 0.4700097656250001 0.312248046875 0.46723828125000005 0.312751953125 0.45942578125000005 0.31401171875 0.4584169921875 0.3162802734375 0.46043359375000004 0.3225810546875 0.45463671874999995 0.3230849609375 0.4494287109375 0.3245966796875 0.445564453125 0.32661328125 0.44682421874999995 0.3316533203125 0.44480859375000004 0.3339208984375 0.4427919921875 0.337197265625 0.43926367187499993 0.33644140625 0.437248046875 0.3384580078125 0.4349794921875 0.3397177734375 0.4349794921875 0.34375 0.430443359375 0.3472783203125 0.4286796875 0.3462705078125 0.4231347656250001 0.3777724609375 0.414818359375 0.3807958984375 0.414818359375 0.3792841796875 0.4115419921875 0.375251953125 0.40902246093750005 0.375 0.4022177734375 0.3772685546875 0.40020117187499993 0.3818046875 0.4024697265625 0.3838203125 0.4019658203125 0.3870966796875 0.3974296875 0.3853330078125 0.3954130859375 0.384072265625 0.390876953125 0.38130078125 0.389869140625 0.3787802734375 0.3858369140625 0.376763671875 0.3878525390625 0.37348828125 0.3873486328125 0.3714716796875 0.3770166015625 0.3729833984375 0.375 0.37449609375 0.368447265625 0.374748046875 0.359375 0.37348828125 0.357611328125 0.3727314453125 0.358619140625 0.368447265625 0.3550908203125 0.366431640625 0.3555947265625 0.3631552734375 0.3540830078125 0.34425390625 0.35307421875 0.3389619140625 0.3553427734375 0.33442578125 0.3548388671875 0.3319052734375 0.3603828125 0.328880859375 0.360634765625 0.32661328125 0.359626953125 0.3150205078125 0.3623994140625 0.312751953125 0.365927734375 0.313759765625 0.3697080078125 0.3135078125 0.3739921875 0.3089716796875 0.37550390625 0.305947265625 0.3739921875 0.3009072265625 0.375 0.296875 0.38130078125 0.2935986328125 0.383568359375 0.29536328125 0.390625 0.2928427734375 0.3928935546875 0.287298828125 0.41129003906249995 0.287802734375 0.4128027343749999 0.2900703125 0.4117939453125 0.2910791015625 0.41456640624999996 0.2870458984375 0.42137109375000004
13 0.571572265625 0.90625 0.5740927734375 0.9150703124999999 0.578125 0.9238916015625002 0.60005078125 0.959677734375 0.60987890625 0.9637099609375002 0.617943359375 0.9710185546875 0.6282763671875 0.977318359375 0.63331640625 0.9788310546875 0.6365927734375 0.9813505859375 0.6685986328125 0.9977314453125 0.6708671875 0.999748046875 0.874748046875 0.999748046875 0.874748046875 0.6796875 0.865927734375 0.6774189453125 0.8235888671874999 0.6766630859375 0.8082158203125 0.6774189453125 0.763861328125 0.6822080078125 0.758568359375 0.6839716796875 0.7520166015625 0.6895166015625 0.74369921875 0.6932958984375 0.7056455078125 0.70262109375 0.696572265625 0.7069052734375 0.663306640625 0.726814453125 0.6348291015625 0.7489921875 0.6292841796875 0.75151171875 0.5904736328125 0.7777216796875 0.5811494140625 0.7862900390625 0.5753525390625 0.7935986328125 0.5751005859375 0.7958671875 0.5723291015625 0.8001513671874999 0.56880078125 0.8125 0.5645166015625 0.8349296875000001 0.564263671875 0.8475302734374999 0.56401171875 0.8707158203125 0.5650205078125 0.8838203124999999 0.56980859375 0.9042333984374998 0.571572265625 0.90625
13 0.6144150390625 0.6224794921875 0.6126513671875 0.626259765625 0.6139111328125 0.6297880859375 0.6131552734375 0.634072265625 0.6146669921875 0.6353330078125 0.6144150390625 0.640373046875 0.61567578125 0.647177734375 0.623740234375 0.672630859375 0.6280244140625 0.6786796875 0.6441533203125 0.6895166015625 0.665322265625 0.710685546875 0.6728828125 0.7159775390625 0.67817578125 0.7149697265625 0.6832158203125 0.71144140625 0.704384765625 0.7011083984375 0.7222783203125 0.695060546875 0.732611328125 0.69380078125 0.7457158203125 0.6900205078125 0.7535283203125 0.6847275390625 0.757560546875 0.6806953125 0.767388671875 0.6774189453125 0.788306640625 0.6769150390625 0.79536328125 0.6748994140625 0.8036796875000001 0.6748994140625 0.8082158203125 0.673638671875 0.827369140625 0.67237890625 0.8455136718750002 0.673638671875 0.8480341796875 0.672630859375 0.8558466796875 0.6728828125 0.8639111328125001 0.671623046875 0.8631552734374999 0.6693544921875 0.8611386718750002 0.6708671875 0.860130859375 0.670111328125 0.860130859375 0.6683466796875 0.8553427734374999 0.662802734375 0.8540830078124999 0.665826171875 0.8515625 0.6670869140625 0.8465224609375002 0.6650703125 0.845009765625 0.66255078125 0.8235888671874999 0.6620458984375 0.820060546875 0.6587705078125 0.819556640625 0.655998046875 0.8155244140625 0.649193359375 0.7993955078125 0.6446572265625 0.7928427734375 0.6348291015625 0.7915830078125 0.6368447265625 0.788306640625 0.6378525390625 0.7865419921875 0.63331640625 0.78276171875 0.6285283203125 0.7779736328125 0.62550390625 0.7759580078125 0.618447265625 0.7704130859375 0.6139111328125 0.7683974609375 0.610130859375 0.7681455078125 0.6058466796875 0.76612890625 0.602318359375 0.766380859375 0.5907255859375 0.7618447265625 0.5816533203125 0.759576171875 0.5821572265625 0.7552919921875 0.5745966796875 0.7547880859375 0.56401171875 0.7525205078125 0.560736328125 0.75151171875 0.5569560546875 0.7525205078125 0.554939453125 0.7522685546875 0.5511591796875 0.7489921875 0.5446064453125 0.75 0.53755078125 0.749748046875 0.5292333984375 0.7525205078125 0.5178935546875 0.75831640625 0.5030244140625 0.7633564453125 0.49823632812500007 0.7681455078125 0.4899189453125 0.7769658203125 0.4790830078125 0.80519140625 0.45262109375000004 0.8072080078124999 0.4498486328125 0.8072080078124999 0.4478330078125 0.805947265625 0.4440527343749999 0.796119140625 0.4339716796875 0.77973828125 0.42389160156249994 0.772681640625 0.4206152343749999 0.7694052734375 0.4178427734375 0.766380859375 0.41683496093750005 0.75730859375 0.4150703125 0.7447080078125 0.4150703125 0.7391630859375 0.41607910156249994 0.7363916015625 0.4185986328125 0.73588671875 0.42036328125000005 0.73387109375 0.4339716796875 0.733619140625 0.4427919921875 0.7316025390625 0.4490927734375 0.7235380859375 0.46370996093750005 0.7134580078125 0.47505078125000005 0.712701171875 0.47706640624999996 0.6993447265625 0.48941503906249995 0.6806953125 0.5010078125 0.6786796875 0.5032763671875 0.6746474609375 0.5045361328125 0.67338671875 0.5068046875 0.67036328125 0.5078125 0.6683466796875 0.5105849609375 0.665322265625 0.5100810546875 0.6615419921875 0.5131044921875 0.654990234375 0.515373046875 0.6494453125 0.5189013671875 0.6446572265625 0.5199091796875 0.6396171875 0.5224296875 0.6383564453125 0.524697265625 0.6350810546875 0.5257060546875 0.633568359375 0.5272177734375 0.6297880859375 0.5335185546875 0.62651171875 0.5360380859375 0.62651171875 0.5423388671875 0.625 0.5498994140625 0.62550390625 0.554435546875 0.6239921875 0.5572080078125 0.6209677734375 0.5592236328125 0.6171875 0.5657763671875 0.615927734375 0.5748486328125 0.6144150390625 0.578125 0.6126513671875 0.5982861328125 0.6131552734375 0.602822265625 0.6123994140625 0.6066025390625 0.6134072265625 0.609375 0.6144150390625 0.6224794921875
13 0.421623046875 0.124748046875 0.4248994140624999 0.11970800781249999 0.4266630859375001 0.11239941406250001 0.4264111328125 0.102822265625 0.4231347656250001 0.0960185546875 0.4175908203125 0.09425390625 0.41129003906249995 0.1005546875 0.4102822265625 0.10357910156250001 0.4085185546875 0.10433496093749998 0.4072578125 0.11139160156250001 0.40448632812500007 0.11214746093749998 0.4009580078125 0.11491894531249999 0.4009580078125 0.116935546875 0.4100302734375 0.12550390625 0.41582617187499993 0.12651171875 0.421623046875 0.124748046875
13 0.3707158203125 0.0887099609375 0.37348828125 0.0902216796875 0.376259765625 0.095513671875 0.38130078125 0.0977822265625 0.3863408203125 0.0967744140625 0.3896171875 0.0977822265625 0.3936494140625 0.0962705078125 0.4024697265625 0.0962705078125 0.40347753906249995 0.095513671875 0.4052421875 0.0907255859375 0.4032255859375001 0.087197265625 0.40020117187499993 0.08744921875 0.3961689453125 0.0834169921875 0.3878525390625 0.0821572265625 0.382560546875 0.0735888671875 0.3787802734375 0.0703125 0.375 0.0740927734375 0.3739921875 0.077873046875 0.375 0.0819052734375 0.3709677734375 0.086693359375 0.3707158203125 0.0887099609375
13 0.24697558593749996 0.173638671875 0.250755859375 0.1842236328125 0.257560546875 0.1897685546875 0.2626005859375 0.197076171875 0.2676416015625 0.2021171875 0.2711689453125 0.2081650390625 0.273689453125 0.21043359375 0.2769658203125 0.21144140625 0.2822578125 0.21849804687500002 0.287802734375 0.2222783203125 0.290322265625 0.2255546875 0.2993955078125 0.2300908203125 0.31098828125 0.2381552734375 0.3240927734375 0.24294335937499997 0.34223828125 0.251763671875 0.366431640625 0.2530244140625 0.3785283203125 0.2547880859375 0.3876005859375 0.2545361328125 0.38911328125 0.2555439453125 0.4228828125 0.2479833984375 0.42338671874999995 0.2462197265625 0.42628515624999996 0.2449599609375 0.42817578125000005 0.24521191406250004 0.4322080078125 0.24067578125 0.4440527343749999 0.23286328125 0.44682421874999995 0.2323583984375 0.4518652343749999 0.2240419921875 0.46370996093750005 0.1900205078125 0.4720263671875 0.17918359375 0.47379003906249995 0.1754033203125 0.47479882812500007 0.1688505859375 0.4730341796875 0.1610380859375 0.460181640625 0.1275205078125 0.4415322265625 0.0972783203125 0.4251513671875 0.077369140625 0.40347753906249995 0.0572080078125 0.3944052734375 0.0506552734375 0.3709677734375 0.040322265625 0.365927734375 0.0390625 0.3636591796875 0.0400703125 0.360634765625 0.039818359375 0.3515625 0.0365419921875 0.335181640625 0.033013671875 0.297126953125 0.031501953125 0.2769658203125 0.0347783203125 0.265373046875 0.0390625 0.2540322265625 0.0418349609375 0.24193554687500002 0.0519150390625 0.2333671875 0.064263671875 0.22807421875 0.0745966796875 0.22681445312499998 0.077873046875 0.22530273437499998 0.0909775390625 0.22681445312499998 0.11315527343750001 0.2300908203125 0.1297880859375 0.23916308593749996 0.1572578125 0.24697558593749996 0.173638671875
13 0.1426416015625 0.3780244140625 0.1610380859375 0.3876005859375 0.1650703125 0.38911328125 0.196068359375 0.3941533203125 0.2132060546875 0.392388671875 0.2225302734375 0.3928935546875 0.23361914062500003 0.389365234375 0.2489921875 0.39012109375 0.25831640625 0.3873486328125 0.2633564453125 0.383568359375 0.2696572265625 0.3818046875 0.279990234375 0.37449609375 0.282005859375 0.3702119140625 0.2857861328125 0.365927734375 0.2870458984375 0.3623994140625 0.29057421875 0.3613916015625 0.2930947265625 0.3548388671875 0.296119140625 0.3515625 0.297126953125 0.3487900390625 0.3006552734375 0.3465224609375 0.304939453125 0.3349296875 0.3074599609375 0.3180439453125 0.3069560546875 0.3046875 0.30519140625 0.2923388671875 0.3021669921875 0.2789814453125 0.2996474609375 0.272681640625 0.2681455078125 0.23261132812500002 0.258064453125 0.2237900390625 0.256552734375 0.2197578125 0.24974804687500002 0.2144658203125 0.2411796875 0.20438476562500002 0.2353828125 0.1998486328125 0.2303427734375 0.1978330078125 0.22605859375 0.193548828125 0.2230341796875 0.1885078125 0.2177421875 0.1842236328125 0.2159775390625 0.1764111328125 0.20942578125 0.1761591796875 0.2069052734375 0.1748994140625 0.196572265625 0.1748994140625 0.194556640625 0.1759072265625 0.188255859375 0.1764111328125 0.18598828125 0.1746474609375 0.179939453125 0.17817578125 0.1761591796875 0.1786796875 0.173134765625 0.1817041015625 0.1431455078125 0.196068359375 0.14213671875 0.1978330078125 0.133568359375 0.20236914062500003 0.1275205078125 0.20917382812500002 0.12651171875 0.2119453125 0.125 0.21244921875 0.125 0.3616435546875 0.1426416015625 0.3780244140625
13 0.1358369140625 0.694556640625 0.1600302734375 0.6975810546875 0.1907763671875 0.6973291015625 0.20438476562500002 0.6927919921875 0.2071572265625 0.6902724609375 0.21219726562500002 0.6822080078125 0.21396191406250004 0.670615234375 0.23765136718749996 0.5975302734375 0.24344726562500002 0.5879541015625 0.24974804687500002 0.571068359375 0.2615927734375 0.546875 0.2631044921875 0.5362900390625 0.2631044921875 0.522681640625 0.257056640625 0.5040322265625 0.24874023437499998 0.49168359375000004 0.24067578125 0.4740419921875 0.2386591796875 0.4725302734375 0.2333671875 0.4634580078125 0.22631054687500002 0.45892089843750006 0.22000976562500002 0.44808496093750005 0.2134580078125 0.44254003906249995 0.2053935546875 0.4375 0.20362890625 0.4349794921875 0.1988408203125 0.43145117187499993 0.188759765625 0.4284277343749999 0.1806953125 0.4251513671875 0.17918359375 0.42363867187499993 0.163810546875 0.4188505859375001 0.1539814453125 0.41255078125000005 0.1517138671875 0.41204589843750006 0.14894140625 0.4085185546875 0.146673828125 0.4072578125 0.146673828125 0.40423339843750006 0.1433974609375 0.4022177734375 0.1363408203125 0.3939013671875 0.133064453125 0.3873486328125 0.1338203125 0.383568359375 0.13130078125 0.3802919921875 0.1300400390625 0.382056640625 0.126763671875 0.383568359375 0.126763671875 0.3853330078125 0.125 0.3878525390625 0.125 0.6912802734375 0.1358369140625 0.694556640625
11 0.46370996093750005 0.2759580078125 0.4662294921875 0.2847783203125 0.4674902343749999 0.2860380859375 0.4722783203125 0.2870458984375 0.47605859375000004 0.2920869140625 0.484375 0.2993955078125 0.48714746093750005 0.3072080078125 0.4921875 0.31098828125 0.4962197265625 0.3157763671875 0.5050400390625 0.322076171875 0.5196572265625 0.3291328125 0.529990234375 0.336693359375 0.53755078125 0.3402216796875 0.5509072265625 0.34425390625 0.553427734375 0.3477822265625 0.55317578125 0.3490419921875 0.5567041015625 0.3487900390625 0.5584677734375 0.349798828125 0.56300390625 0.3467744140625 0.5655244140625 0.3470263671875 0.5771171875 0.3487900390625 0.57862890625 0.351310546875 0.5816533203125 0.35307421875 0.5884580078125 0.35307421875 0.59223828125 0.3543349609375 0.5995458984375 0.352318359375 0.6045869140625 0.35307421875 0.610130859375 0.35206640625 0.6134072265625 0.3525703125 0.6207158203125 0.34526171875 0.626763671875 0.3412294921875 0.634072265625 0.3402216796875 0.649697265625 0.3336689453125 0.6522177734375 0.3303935546875 0.6610380859375 0.326361328125 0.665322265625 0.3256044921875 0.68598828125 0.3150205078125 0.6973291015625 0.30418359375 0.6993447265625 0.2988916015625 0.701361328125 0.29838671875 0.7056455078125 0.2941025390625 0.709677734375 0.2943544921875 0.710685546875 0.2933466796875 0.7310986328125 0.2603330078125 0.734123046875 0.257056640625 0.7411796875 0.2411796875 0.742439453125 0.23109863281250004 0.740927734375 0.2275703125 0.740927734375 0.22026171875 0.7396669921875 0.21698632812500002 0.7371474609375 0.21421386718749996 0.7321064453125 0.203125 0.7290830078125 0.20010058593749996 0.727822265625 0.196068359375 0.71723828125 0.1822080078125 0.7006044921875 0.1665830078125 0.6769150390625 0.14994921875 0.6572578125 0.14112890625 0.65473828125 0.13911328125 0.6449091796875 0.1360888671875 0.6202119140625 0.13130078125 0.60887109375 0.13230859375 0.58644140625 0.132056640625 0.563255859375 0.1350810546875 0.5272177734375 0.1454130859375 0.50831640625 0.1542333984375 0.5037802734375 0.1572578125 0.4977314453125 0.1592744140625 0.4796708984375 0.172798828125 0.46824609375000004 0.188759765625 0.45892089843750006 0.21219726562500002 0.4566533203125 0.22177441406250004 0.4556455078125 0.2308466796875 0.4566533203125 0.250251953125 0.45942578125000005 0.2691533203125 0.46370996093750005 0.2759580078125
13 0.2396669921875 0.158013671875 0.2472275390625 0.1743955078125 0.251259765625 0.185736328125 0.26512109375 0.1975810546875 0.2706650390625 0.20766113281250004 0.2772177734375 0.21244921875 0.282509765625 0.22051367187499998 0.3084677734375 0.2368955078125 0.3193046875 0.24067578125 0.341986328125 0.251259765625 0.3545869140625 0.2530244140625 0.3722275390625 0.2535283203125 0.38911328125 0.256048828125 0.40473828125000005 0.2530244140625 0.40625 0.2510078125 0.4100302734375 0.25151171875 0.4183466796875 0.24294335937499997 0.4208671875 0.2442041015625 0.42389160156249994 0.2401708984375 0.4256552734375 0.24092773437499998 0.42817578125000005 0.2386591796875 0.43145117187499993 0.23916308593749996 0.43598828125000005 0.2381552734375 0.437248046875 0.23613867187499998 0.43951660156249994 0.23563476562500002 0.4412802734375 0.2363916015625 0.4465722656250001 0.23286328125 0.45161328125000005 0.2240419921875 0.45488867187499993 0.2129541015625 0.4639619140624999 0.1895166015625 0.4710185546875 0.180443359375 0.47379003906249995 0.1751513671875 0.47454589843750006 0.1683466796875 0.4730341796875 0.1617939453125 0.46043359375000004 0.1285283203125 0.4498486328125 0.109123046875 0.4400205078125 0.095009765625 0.42464746093750005 0.0771171875 0.4100302734375 0.06300390625 0.3949091796875 0.0511591796875 0.3787802734375 0.0430947265625 0.37651171875 0.0430947265625 0.3707158203125 0.04057421875 0.3661796875 0.039314453125 0.3626513671875 0.04057421875 0.3495458984375 0.0360380859375 0.3349296875 0.033013671875 0.3152724609375 0.03175390625 0.3082158203125 0.032509765625 0.2978828125 0.030998046875 0.279990234375 0.0345263671875 0.2772177734375 0.0342744140625 0.2547880859375 0.0415830078125 0.2462197265625 0.04737890625 0.2381552734375 0.0572080078125 0.2300908203125 0.07081640625 0.22706640625 0.078376953125 0.22605859375 0.08442578125 0.22530273437499998 0.0960185546875 0.22807421875 0.11945605468750001 0.2303427734375 0.1307958984375 0.2396669921875 0.158013671875