8 0.33611111111111114 0.8797979797979798 0.3558080808080808 0.901010101010101 0.4083333333333333 0.9272727272727272 0.44217171717171716 0.9328282828282828 0.4664141414141414 0.9323232323232323 0.4825757575757576 0.9297979797979798 0.5204545454545455 0.9151515151515152 0.5542929292929293 0.8929292929292929 0.580050505050505 0.8681818181818182 0.6058080808080808 0.8494949494949495 0.6244949494949494 0.8393939393939394 0.6320707070707071 0.8328282828282828 0.6406565656565657 0.8202020202020202 0.6452020202020202 0.807070707070707 0.6457070707070707 0.7944444444444444 0.6376262626262627 0.7732323232323233 0.617929292929293 0.7585858585858586 0.5598484848484848 0.7419191919191919 0.5174242424242423 0.7186868686868687 0.49924242424242427 0.7111111111111111 0.46136363636363636 0.7045454545454546 0.4462121212121212 0.704040404040404 0.42247474747474745 0.7080808080808081 0.4058080808080808 0.7136363636363636 0.3840909090909091 0.7287878787878788 0.37803030303030305 0.7297979797979798 0.36388888888888893 0.7368686868686869 0.3426767676767677 0.7595959595959596 0.33055555555555555 0.7782828282828282 0.32247474747474747 0.7964646464646464 0.319949494949495 0.8126262626262626 0.319949494949495 0.8383838383838383 0.322979797979798 0.8590909090909091 0.33611111111111114 0.8797979797979798
6 0.5482323232323232 0.6398989898989899 0.5795454545454546 0.6414141414141414 0.5982323232323232 0.6378787878787878 0.6295454545454545 0.6237373737373737 0.7401515151515151 0.554040404040404 0.7941919191919192 0.5277777777777778 0.8113636363636364 0.5136363636363637 0.8351010101010101 0.4904040404040404 0.8558080808080808 0.4601010101010101 0.875 0.4126262626262626 0.875 0.3464646464646465 0.8694444444444445 0.3328282828282828 0.8573232323232324 0.3146464646464646 0.8426767676767677 0.3005050505050505 0.821969696969697 0.28888888888888886 0.7886363636363637 0.2828282828282828 0.777020202020202 0.2833333333333333 0.7573232323232323 0.2868686868686869 0.7517676767676768 0.2904040404040404 0.7345959595959596 0.29545454545454547 0.677020202020202 0.33434343434343433 0.6532828282828282 0.3570707070707071 0.6426767676767676 0.3717171717171717 0.627020202020202 0.4025252525252525 0.6214646464646465 0.4176767676767677 0.6113636363636363 0.47424242424242424 0.5997474747474747 0.5025252525252525 0.5901515151515151 0.5186868686868686 0.5356060606060606 0.5762626262626263 0.5315656565656566 0.5848484848484848 0.5270202020202019 0.604040404040404 0.5285353535353535 0.6242424242424243 0.533080808080808 0.6303030303030303 0.5482323232323232 0.6398989898989899
6 0.7037878787878787 0.21818181818181817 0.7224747474747475 0.2287878787878788 0.7351010101010101 0.2409090909090909 0.7487373737373737 0.2636363636363636 0.7593434343434343 0.2606060606060606 0.781060606060606 0.24848484848484848 0.8012626262626262 0.23535353535353534 0.8068181818181818 0.2287878787878788 0.8113636363636364 0.22777777777777777 0.8340909090909091 0.20656565656565656 0.8401515151515152 0.18888888888888888 0.8325757575757575 0.18232323232323233 0.8295454545454546 0.18232323232323233 0.8078282828282828 0.1686868686868687 0.7886363636363637 0.147979797979798 0.7790404040404041 0.12676767676767678 0.7689393939393939 0.1101010101010101 0.7664141414141414 0.09292929292929293 0.7664141414141414 0.07424242424242425 0.7588383838383839 0.07878787878787878 0.7345959595959596 0.10404040404040404 0.7058080808080808 0.12323232323232323 0.7027777777777777 0.13131313131313133 0.6941919191919191 0.14242424242424243 0.6886363636363636 0.15707070707070708 0.6785353535353535 0.17272727272727273 0.677020202020202 0.18282828282828284 0.6679292929292929 0.20303030303030303 0.6679292929292929 0.20757575757575758 0.675 0.21313131313131314 0.7037878787878787 0.21818181818181817
6 0.33964646464646464 0.01717171717171717 0.34974747474747475 0.03787878787878788 0.3603535353535353 0.05707070707070707 0.373989898989899 0.0707070707070707 0.3931818181818182 0.08232323232323233 0.4159090909090909 0.08484848484848485 0.43863636363636366 0.09595959595959595 0.45580808080808083 0.09646464646464646 0.4825757575757576 0.0898989898989899 0.49873737373737376 0.08131313131313131 0.5300505050505051 0.0595959595959596 0.5426767676767676 0.04595959595959596 0.5674242424242424 0.010606060606060607 0.577020202020202 0 0.3376262626262626 0 0.3376262626262626 0.0015151515151515152 0.33964646464646464 0.01717171717171717
6 0.6265151515151515 0.10505050505050505 0.6477272727272727 0.12070707070707071 0.671969696969697 0.12323232323232323 0.6840909090909091 0.12222222222222222 0.7123737373737373 0.11363636363636363 0.7305555555555555 0.10353535353535354 0.7598484848484849 0.07575757575757576 0.7911616161616162 0.03282828282828283 0.8047979797979798 0.007070707070707071 0.8053030303030303 0 0.6123737373737373 0 0.6037878787878788 0.027777777777777776 0.6047979797979798 0.06161616161616162 0.615909090909091 0.08838383838383838 0.6265151515151515 0.10505050505050505
6 0.125 0.41818181818181815 0.13358585858585859 0.43383838383838386 0.14166666666666666 0.44292929292929295 0.16237373737373736 0.4580808080808081 0.17904040404040406 0.46414141414141413 0.19267676767676767 0.46565656565656566 0.20227272727272727 0.4691919191919192 0.2174242424242424 0.4686868686868687 0.23308080808080808 0.46515151515151515 0.2724747474747475 0.44747474747474747 0.2851010101010101 0.43383838383838386 0.2931818181818182 0.4222222222222222 0.3068181818181818 0.3929292929292929 0.3088383838383838 0.3717171717171717 0.30782828282828284 0.3505050505050505 0.30378787878787883 0.33484848484848484 0.2967171717171717 0.3196969696969697 0.28055555555555556 0.3 0.26843434343434347 0.28939393939393937 0.2583333333333333 0.28434343434343434 0.23308080808080808 0.2772727272727273 0.19722222222222222 0.2772727272727273 0.18308080808080807 0.2828282828282828 0.18409090909090908 0.2868686868686869 0.18106060606060606 0.29343434343434344 0.16944444444444445 0.29747474747474745 0.1648989898989899 0.2964646464646465 0.15934343434343434 0.29848484848484846 0.15782828282828282 0.2964646464646465 0.15378787878787878 0.296969696969697 0.13964646464646466 0.31717171717171716 0.1340909090909091 0.31767676767676767 0.12904040404040404 0.3277777777777778 0.125 0.33080808080808083 0.125 0.41818181818181815
12 0.47449494949494947 0.19090909090909092 0.46944444444444444 0.2191919191919192 0.48308080808080806 0.23333333333333334 0.4952020202020202 0.25 0.5032828282828283 0.2641414141414141 0.5088383838383839 0.2808080808080808 0.5118686868686868 0.2787878787878788 0.521969696969697 0.2606060606060606 0.5366161616161615 0.2409090909090909 0.5396464646464647 0.23434343434343435 0.5426767676767676 0.21464646464646464 0.5502525252525252 0.198989898989899 0.5558080808080808 0.19646464646464645 0.5638888888888889 0.18888888888888888 0.5760101010101011 0.18434343434343434 0.5891414141414142 0.18484848484848485 0.5926767676767677 0.18838383838383838 0.6068181818181818 0.1904040404040404 0.6073232323232323 0.16767676767676767 0.6103535353535354 0.1590909090909091 0.6325757575757576 0.15252525252525254 0.6421717171717172 0.14696969696969697 0.6497474747474747 0.14545454545454545 0.6512626262626262 0.14242424242424243 0.6497474747474747 0.12676767676767678 0.6224747474747474 0.10353535353535354 0.6138888888888889 0.0904040404040404 0.6032828282828283 0.06515151515151515 0.5972222222222222 0.06212121212121212 0.5714646464646465 0.05707070707070707 0.5452020202020202 0.05858585858585859 0.516919191919192 0.07121212121212121 0.4911616161616162 0.09444444444444444 0.46944444444444444 0.1297979797979798 0.4684343434343434 0.13737373737373737 0.475 0.16565656565656567 0.47449494949494947 0.19090909090909092
8 0.18813131313131315 0.6277777777777778 0.19772727272727272 0.6388888888888888 0.2042929292929293 0.6434343434343435 0.22045454545454546 0.65 0.23308080808080808 0.6515151515151515 0.26237373737373737 0.648989898989899 0.2876262626262626 0.6373737373737374 0.30378787878787883 0.6257575757575757 0.30732323232323233 0.6171717171717171 0.3159090909090909 0.5676767676767677 0.33106060606060606 0.5257575757575758 0.3295454545454546 0.5166666666666667 0.32146464646464645 0.501010101010101 0.3063131313131313 0.47878787878787876 0.29520202020202024 0.4681818181818182 0.2689393939393939 0.4590909090909091 0.2563131313131313 0.4666666666666667 0.24419191919191918 0.4696969696969697 0.24065656565656565 0.4686868686868687 0.23863636363636365 0.4707070707070707 0.23459595959595958 0.4691919191919192 0.21994949494949495 0.4712121212121212 0.20934343434343433 0.4762626262626263 0.1952020202020202 0.48535353535353537 0.18358585858585857 0.49646464646464644 0.17803030303030304 0.509090909090909 0.17146464646464646 0.5353535353535354 0.17297979797979798 0.5818181818181818 0.17702020202020202 0.6 0.18813131313131315 0.6277777777777778
6 0.3295454545454546 0.6535353535353535 0.34318181818181814 0.6681818181818182 0.36237373737373735 0.6828282828282828 0.37904040404040407 0.6924242424242424 0.4073232323232323 0.6964646464646465 0.427020202020202 0.6944444444444444 0.4361111111111111 0.6883838383838384 0.4578282828282828 0.6797979797979798 0.48863636363636365 0.6565656565656566 0.51489898989899 0.6277777777777778 0.5234848484848484 0.6050505050505051 0.529040404040404 0.5747474747474748 0.5280303030303031 0.5424242424242425 0.5214646464646464 0.5151515151515151 0.5133838383838384 0.49444444444444446 0.5022727272727272 0.4777777777777778 0.49823232323232325 0.453030303030303 0.4911616161616162 0.44292929292929295 0.475 0.42828282828282827 0.46085858585858586 0.42373737373737375 0.4441919191919192 0.42474747474747476 0.43156565656565654 0.4313131313131313 0.42348484848484846 0.4388888888888889 0.4159090909090909 0.45707070707070707 0.3931818181818182 0.4707070707070707 0.38661616161616164 0.4772727272727273 0.36843434343434345 0.4868686868686869 0.3416666666666667 0.5156565656565657 0.327020202020202 0.5419191919191919 0.3184343434343434 0.5656565656565656 0.3143939393939394 0.5893939393939394 0.3148989898989899 0.6237373737373737 0.320959595959596 0.6409090909090909 0.3295454545454546 0.6535353535353535
6 0.16035353535353536 0.9575757575757575 0.20227272727272727 0.945959595959596 0.23308080808080808 0.9212121212121213 0.24318181818181817 0.9075757575757576 0.2547979797979798 0.8853535353535353 0.2563131313131313 0.8742424242424243 0.2547979797979798 0.852020202020202 0.24924242424242424 0.8272727272727273 0.23409090909090907 0.798989898989899 0.223989898989899 0.7853535353535354 0.20833333333333331 0.7712121212121212 0.16893939393939394 0.7555555555555555 0.14772727272727273 0.7535353535353535 0.12904040404040404 0.7585858585858586 0.125 0.7606060606060606 0.125 0.9575757575757575 0.16035353535353536 0.9575757575757575
8 0.22954545454545455 0.7363636363636363 0.225 0.7388888888888889 0.21994949494949495 0.7515151515151515 0.22045454545454546 0.7616161616161616 0.22803030303030303 0.7803030303030303 0.2366161616161616 0.7929292929292929 0.2563131313131313 0.8121212121212121 0.2820707070707071 0.8303030303030303 0.2972222222222222 0.8358585858585859 0.3159090909090909 0.8353535353535354 0.3174242424242424 0.8075757575757576 0.32247474747474747 0.7873737373737374 0.33106060606060606 0.7681818181818182 0.3356060606060606 0.7651515151515151 0.33712121212121215 0.7606060606060606 0.35984848484848486 0.7373737373737373 0.36338383838383836 0.7308080808080808 0.3861111111111111 0.7237373737373738 0.39974747474747474 0.7101010101010101 0.3987373737373737 0.7035353535353536 0.3952020202020202 0.6989898989898989 0.37297979797979797 0.6914141414141414 0.3426767676767677 0.6722222222222223 0.32752525252525255 0.6540404040404041 0.32196969696969696 0.65 0.3164141414141414 0.6393939393939394 0.31186868686868685 0.6393939393939394 0.30328282828282827 0.6333333333333333 0.29924242424242425 0.6333333333333333 0.26641414141414144 0.65 0.24621212121212122 0.6565656565656566 0.225 0.6888888888888889 0.22348484848484848 0.6994949494949495 0.21994949494949495 0.7025252525252526 0.21893939393939393 0.7146464646464646 0.23055555555555557 0.7303030303030303 0.22954545454545455 0.7363636363636363
6 0.1659090909090909 0.20606060606060606 0.16186868686868688 0.22474747474747475 0.1532828282828283 0.24797979797979797 0.15378787878787878 0.2601010101010101 0.1553030303030303 0.26262626262626265 0.1638888888888889 0.26666666666666666 0.18257575757575759 0.2681818181818182 0.18863636363636363 0.2737373737373737 0.1952020202020202 0.27424242424242423 0.23863636363636365 0.27474747474747474 0.24823232323232325 0.2717171717171717 0.26944444444444443 0.2585858585858586 0.29065656565656567 0.2388888888888889 0.3103535353535354 0.2106060606060606 0.3164141414141414 0.1984848484848485 0.320959595959596 0.18232323232323233 0.32196969696969696 0.16616161616161615 0.3154040404040404 0.13686868686868686 0.29924242424242425 0.11414141414141414 0.2861111111111111 0.10303030303030303 0.2724747474747475 0.09595959595959595 0.2547979797979798 0.0904040404040404 0.2361111111111111 0.08787878787878788 0.21944444444444444 0.08888888888888889 0.20681818181818182 0.09191919191919191 0.18409090909090908 0.10202020202020202 0.15176767676767677 0.13080808080808082 0.15075757575757576 0.1409090909090909 0.1664141414141414 0.1898989898989899 0.1659090909090909 0.20606060606060606
6 0.5189393939393939 0.40555555555555556 0.533080808080808 0.42777777777777776 0.5487373737373737 0.44292929292929295 0.5709595959595959 0.454040404040404 0.5876262626262626 0.45707070707070707 0.6083333333333334 0.45656565656565656 0.6108585858585859 0.45555555555555555 0.6143939393939394 0.448989898989899 0.6234848484848485 0.40606060606060607 0.6411616161616162 0.3712121212121212 0.6588383838383839 0.348989898989899 0.681060606060606 0.3282828282828283 0.7027777777777777 0.31363636363636366 0.7032828282828283 0.3005050505050505 0.6972222222222222 0.2803030303030303 0.6856060606060606 0.2580808080808081 0.6659090909090909 0.23535353535353534 0.6436868686868686 0.21767676767676766 0.6305555555555555 0.21212121212121213 0.6083333333333334 0.19292929292929292 0.5955388888888888 0.1919191919191919 0.5815656565656566 0.18787878787878787 0.5588383838383839 0.19545454545454546 0.5578282828282828 0.1994949494949495 0.5497474747474748 0.20252525252525252 0.5467171717171717 0.22373737373737373 0.5507575757575758 0.22575757575757577 0.5507575757575758 0.22777777777777777 0.5477272727272727 0.23383838383838385 0.523989898989899 0.26262626262626265 0.5108585858585859 0.28585858585858587 0.5037878787878788 0.30757575757575756 0.5002525252525252 0.33434343434343433 0.5022727272727272 0.3595959595959596 0.5083333333333333 0.3813131313131313 0.5189393939393939 0.40555555555555556
8 0.30732323232323233 0.3388888888888889 0.31085858585858583 0.35454545454545455 0.32146464646464645 0.3661616161616162 0.3255050505050505 0.36767676767676766 0.329040404040404 0.37676767676767675 0.34015151515151515 0.3843434343434343 0.34974747474747475 0.3898989898989899 0.3724747474747475 0.39444444444444443 0.39974747474747474 0.39444444444444443 0.42752525252525253 0.3878787878787879 0.44116161616161614 0.3808080808080808 0.45227272727272727 0.3717171717171717 0.4714646464646465 0.36262626262626263 0.48005050505050506 0.353030303030303 0.4952020202020202 0.32575757575757575 0.5012626262626263 0.3116161616161616 0.5053030303030304 0.29292929292929293 0.5047979797979798 0.2782828282828283 0.5012626262626263 0.26565656565656565 0.4941919191919192 0.2515151515151515 0.4820707070707071 0.23484848484848486 0.46136363636363636 0.21717171717171718 0.44166666666666665 0.2085858585858586 0.4164141414141414 0.20303030303030303 0.3952020202020202 0.20252525252525252 0.3654040404040404 0.2085858585858586 0.3133838383838384 0.2313131313131313 0.2835858585858586 0.2494949494949495 0.2775252525252525 0.25707070707070706 0.272979797979798 0.27070707070707073 0.272979797979798 0.2898989898989899 0.2967171717171717 0.31666666666666665 0.30732323232323233 0.3388888888888889
13 0.1345959595959596 0.3095959595959596 0.14924242424242423 0.25606060606060604 0.16085858585858587 0.22373737373737373 0.1654040404040404 0.1984848484848485 0.1643939393939394 0.18181818181818182 0.16085858585858587 0.17575757575757575 0.15126262626262627 0.14292929292929293 0.1441919191919192 0.13434343434343435 0.1351010101010101 0.13080808080808082 0.12803030303030302 0.13131313131313133 0.125 0.13232323232323231 0.125 0.32676767676767676 0.1345959595959596 0.3095959595959596
6 0.3184343434343434 0.19797979797979798 0.31085858585858583 0.21616161616161617 0.3154040404040404 0.22676767676767676 0.323989898989899 0.22575757575757577 0.3654040404040404 0.20707070707070707 0.38762626262626265 0.20202020202020202 0.4214646464646465 0.20252525252525252 0.4441919191919192 0.2080808080808081 0.45984848484848484 0.21565656565656566 0.4659090909090909 0.21414141414141413 0.47095959595959597 0.2005050505050505 0.473989898989899 0.18434343434343434 0.4734848484848485 0.16363636363636364 0.4674242424242424 0.1398989898989899 0.4527777777777778 0.11515151515151516 0.4305555555555556 0.09494949494949495 0.4058080808080808 0.08636363636363636 0.37803030303030305 0.08636363636363636 0.35934343434343435 0.09444444444444444 0.34065656565656566 0.10757575757575757 0.32601010101010097 0.12424242424242424 0.3184343434343434 0.13636363636363635 0.322979797979798 0.1595959595959596 0.32247474747474747 0.18131313131313131 0.3184343434343434 0.19797979797979798