6 0.2930947580645161 0.5816532258064516 0.30594758064516125 0.609375 0.321320564516129 0.6255040322580645 0.3321572580645161 0.6313004032258064 0.3329133064516129 0.6335685483870968 0.3364415322580645 0.6363407258064516 0.3432459677419355 0.6391129032258064 0.3533266129032258 0.6411290322580645 0.360383064516129 0.6454133064516129 0.3787802419354839 0.6489415322580645 0.3996975806451613 0.6481854838709677 0.4027217741935484 0.6471774193548387 0.4075100806451613 0.6476814516129032 0.41532258064516125 0.6464213709677419 0.4410282258064516 0.6391129032258064 0.454133064516129 0.6328125 0.4566532258064516 0.6325604838709677 0.522429435483871 0.5987903225806451 0.532258064516129 0.5882056451612903 0.5393145161290323 0.5839213709677419 0.5509072580645161 0.5733366935483871 0.5559475806451613 0.571320564516129 0.5609879032258065 0.5650201612903226 0.5698084677419355 0.5579637096774194 0.5763608870967742 0.5546875 0.580141129032258 0.5506552419354839 0.5851814516129032 0.5483870967741935 0.5874495967741935 0.5461189516129032 0.5975302419354839 0.5418346774193549 0.6156754032258065 0.5294858870967741 0.622983870967742 0.5264616935483871 0.626008064516129 0.5236895161290323 0.6388608870967741 0.5191532258064516 0.6411290322580645 0.5171370967741935 0.6655745967741935 0.5065524193548387 0.6766633064516129 0.5 0.6940524193548387 0.48739919354838707 0.7016129032258064 0.48336693548387094 0.7069052419354839 0.47908266129032256 0.7205141129032258 0.4644657258064516 0.7290826612903225 0.4495967741935484 0.733366935483871 0.42389112903225806 0.733366935483871 0.41481854838709675 0.7316028225806451 0.40423387096774194 0.7205141129032258 0.38482862903225806 0.7016129032258064 0.36920362903225806 0.6907762096774194 0.36441532258064513 0.6794354838709677 0.3611391129032258 0.6585181451612903 0.3588709677419355 0.6529737903225806 0.35962701612903225 0.6496975806451613 0.35836693548387094 0.6441532258064516 0.35836693548387094 0.627016129032258 0.35962701612903225 0.6078629032258065 0.3621471774193548 0.6008064516129032 0.36441532258064513 0.5874495967741935 0.36567540322580644 0.577116935483871 0.36794354838709675 0.5740927419354839 0.3659274193548387 0.572328629032258 0.3666834677419355 0.5685483870967742 0.36617943548387094 0.5541834677419355 0.3709677419354839 0.5453629032258065 0.3714717741935484 0.542086693548387 0.37348790322580644 0.5372983870967742 0.3727318548387097 0.5309979838709677 0.37474798387096775 0.49017137096774194 0.37348790322580644 0.4488407258064516 0.3790322580645161 0.4284274193548387 0.3855846774193548 0.4110383064516129 0.3949092741935484 0.399445564516129 0.39868951612903225 0.3946572580645161 0.4019657258064516 0.3865927419354839 0.40524193548387094 0.3833165322580645 0.40877016129032256 0.3785282258064516 0.4107862903225806 0.3767641129032258 0.4128024193548387 0.3659274193548387 0.4173387096774193 0.3634072580645161 0.42162298387096775 0.35912298387096775 0.42489919354838707 0.356476814516129 0.4289314516129032 0.352570564516129 0.4284274193548387 0.3472782258064516 0.43119959677419356 0.342741935483871 0.4367439516129032 0.3389616935483871 0.43951612903225806 0.33795362903225806 0.4420362903225806 0.3243447580645161 0.45287298387096775 0.3238407258064516 0.4564012096774193 0.31804435483870963 0.46244959677419356 0.31098790322580644 0.47454637096774194 0.3061995967741935 0.4803427419354839 0.2935987903225806 0.5045362903225806 0.2908266129032258 0.5168850806451613 0.2885584677419355 0.5219254032258064 0.2865423387096774 0.5367943548387096 0.2865423387096774 0.5498991935483871 0.29032258064516125 0.5602318548387096 0.2930947580645161 0.5816532258064516
8 0.4495967741935484 0.7888104838709677 0.4513608870967742 0.7935987903225806 0.4526209677419355 0.8044354838709677 0.45841733870967744 0.829133064516129 0.4642137096774194 0.8389616935483871 0.4679939516129032 0.8470262096774194 0.4692540322580645 0.8520665322580645 0.47807459677419356 0.868195564516129 0.4798387096774194 0.8732358870967741 0.4826108870967742 0.8765120967741935 0.4909274193548387 0.892641129032258 0.49420362903225806 0.8966733870967741 0.49798387096774194 0.905241935483871 0.5219254032258065 0.9289314516129032 0.5325100806451613 0.936491935483871 0.5395665322580645 0.9380040322580645 0.5428427419354839 0.9435483870967741 0.547883064516129 0.9458165322580645 0.5504032258064516 0.9450604838709677 0.552671370967742 0.9458165322580645 0.5554435483870968 0.9485887096774194 0.563508064516129 0.9511088709677419 0.5740927419354839 0.9518649193548386 0.5766129032258065 0.953125 0.579133064516129 0.9518649193548386 0.5819052419354839 0.9538810483870968 0.5871975806451613 0.954133064516129 0.5894657258064516 0.9501008064516129 0.5887096774193548 0.9458165322580645 0.5854334677419355 0.9392641129032258 0.5824092741935484 0.9359879032258064 0.5819052419354839 0.9322076612903225 0.5786290322580645 0.9291834677419355 0.5667842741935484 0.8999495967741935 0.5665322580645161 0.8966733870967741 0.563508064516129 0.8888608870967741 0.5619959677419355 0.8782762096774194 0.561491935483871 0.8621471774193548 0.5627520161290323 0.8336693548387096 0.5675403225806451 0.8074596774193549 0.569304435483871 0.803679435483871 0.569304435483871 0.8001512096774194 0.5730846774193548 0.791078629032258 0.5844254032258065 0.7787298387096774 0.6154233870967742 0.7585685483870968 0.6257560483870968 0.7505040322580645 0.6418850806451613 0.7414314516129032 0.6512096774193549 0.7328629032258064 0.6633064516129032 0.7237903225806451 0.6683467741935484 0.7169858870967741 0.6633064516129032 0.7104334677419355 0.6433971774193549 0.6920362903225806 0.6358366935483871 0.6877520161290323 0.618195564516129 0.6751512096774194 0.6015625 0.6658266129032258 0.5861895161290323 0.6534778225806451 0.5768649193548387 0.6444052419354839 0.5698084677419355 0.639616935483871 0.5587197580645161 0.6295362903225806 0.549899193548387 0.623991935483871 0.5453629032258065 0.6194556451612903 0.5378024193548387 0.6146673387096774 0.5194052419354839 0.610383064516129 0.5090725806451613 0.6108870967741935 0.5035282258064516 0.6121471774193549 0.4879032258064516 0.619203629032258 0.4647177419354839 0.6360887096774194 0.4569052419354839 0.647429435483871 0.45337701612903225 0.6575100806451613 0.4501008064516129 0.673891129032258 0.4480846774193548 0.6970766129032258 0.4485887096774194 0.7169858870967741 0.4470766129032258 0.7600806451612903 0.4495967741935484 0.7888104838709677
8 0.21496975806451613 0.7270665322580645 0.21849798387096775 0.7517641129032258 0.2235383064516129 0.7678931451612903 0.22631048387096775 0.7870463709677419 0.23009072580645162 0.803679435483871 0.23966733870967744 0.8311491935483871 0.2515120967741935 0.8465221774193548 0.2686491935483871 0.8588709677419355 0.28780241935483875 0.8782762096774194 0.29813508064516125 0.8815524193548386 0.30544354838709675 0.8823084677419355 0.3107358870967742 0.884828629032258 0.3140120967741935 0.8845766129032258 0.31829637096774194 0.8863407258064516 0.3238407258064516 0.8863407258064516 0.3319052419354839 0.8850806451612903 0.34110383064516125 0.8807963709677419 0.34627016129032256 0.8800403225806451 0.3490423387096774 0.877016129032258 0.35786290322580644 0.875 0.3629032258064516 0.8724798387096774 0.3689516129032258 0.8671875 0.3712197580645161 0.8636592741935484 0.37348790322580644 0.8629032258064516 0.38079637096774194 0.8545866935483871 0.391633064516129 0.8472782258064516 0.3951612903225806 0.8462701612903225 0.4049899193548387 0.8364415322580645 0.4122983870967742 0.8200604838709677 0.4158266129032258 0.8182963709677419 0.4369959677419355 0.7915826612903225 0.43901209677419356 0.7860383064516129 0.4417842741935484 0.7827620967741935 0.4435483870967742 0.7651209677419355 0.44329637096774194 0.7535282258064516 0.44506048387096775 0.7449596774193549 0.44430443548387094 0.7096774193548387 0.4458165322580645 0.6925403225806451 0.44279233870967744 0.6824596774193549 0.44279233870967744 0.6711189516129032 0.4435483870967742 0.6683467741935484 0.4470766129032258 0.6648185483870968 0.44682459677419356 0.6610383064516129 0.4490927419354839 0.6595262096774194 0.4490927419354839 0.6565020161290323 0.44430443548387094 0.6544858870967741 0.4412802419354839 0.6557459677419355 0.43598790322580644 0.6507056451612903 0.4344758064516129 0.6517137096774194 0.43271169354838707 0.6509576612903225 0.43220766129032256 0.6486895161290323 0.4284274193548387 0.6451612903225806 0.4256552419354839 0.6471774193548387 0.42338709677419356 0.647429435483871 0.4223790322580645 0.6509576612903225 0.4206149193548387 0.6522177419354839 0.4145665322580645 0.6496975806451613 0.40700604838709675 0.650453629032258 0.40524193548387094 0.6517137096774194 0.4024697580645161 0.650453629032258 0.38533266129032256 0.650453629032258 0.36844758064516125 0.6481854838709677 0.34148185483870963 0.6398689516129032 0.3321572580645161 0.634828629032258 0.329133064516129 0.631804435483871 0.32686491935483875 0.6313004032258064 0.30594758064516125 0.6111391129032258 0.2925907258064516 0.5844254032258064 0.2845262096774194 0.546875 0.28629032258064513 0.5236895161290323 0.2850302419354839 0.517641129032258 0.2827620967741935 0.5199092741935484 0.27973790322580644 0.5186491935483871 0.2772177419354839 0.5189012096774194 0.2671370967741935 0.5398185483870968 0.25806451612903225 0.5627520161290323 0.25630040322580644 0.5642641129032258 0.2530241935483871 0.5710685483870968 0.2530241935483871 0.5748487903225806 0.25025201612903225 0.5783770161290323 0.2338709677419355 0.6197076612903225 0.23412298387096775 0.6229838709677419 0.2321068548387097 0.6265120967741935 0.2331149193548387 0.6297883064516129 0.2313508064516129 0.6323084677419355 0.23034274193548387 0.6373487903225806 0.22757056451612903 0.6403729838709677 0.2288306451612903 0.6436491935483871 0.2283266129032258 0.6454133064516129 0.2247983870967742 0.6484375 0.21194556451612903 0.6960685483870968 0.2109375 0.702116935483871 0.21194556451612903 0.7134576612903225 0.21496975806451613 0.7270665322580645
8 0.29107862903225806 0.4145665322580645 0.28704637096774194 0.4213709677419355 0.288054435483871 0.42867943548387094 0.2895665322580645 0.42943548387096775 0.28981854838709675 0.4312835181451613 0.28881048387096775 0.4344758064516129 0.28704637096774194 0.43548387096774194 0.2865423387096774 0.4430443548387097 0.28780241935483875 0.44657258064516125 0.2867943548387097 0.4566532258064516 0.28780241935483875 0.46345766129032256 0.2865423387096774 0.4669858870967742 0.2855342741935484 0.49035131048387093 0.28200604838709675 0.5083165322580645 0.28251008064516125 0.5123487903225806 0.2850302419354839 0.5141129032258064 0.28780241935483875 0.5133568548387096 0.28881048387096775 0.5093245967741935 0.29032258064516125 0.5078125 0.2920866935483871 0.5 0.29939516129032256 0.48739919354838707 0.305695564516129 0.4803427419354839 0.3077116935483871 0.47379032258064513 0.31098790322580644 0.47001008064516125 0.31224798387096775 0.46723790322580644 0.31275201612903225 0.45942540322580644 0.3140120967741935 0.4584173387096774 0.3162802419354839 0.4604334677419355 0.3225806451612903 0.45463709677419356 0.32308467741935487 0.44942867943548387 0.3245967741935484 0.44556451612903225 0.32661290322580644 0.44682459677419356 0.3316532258064516 0.4448084677419355 0.33392137096774194 0.4427923387096774 0.33719758064516125 0.4392641129032258 0.3364415322580645 0.43724798387096775 0.33845766129032256 0.4349798387096774 0.3397177419354839 0.4349798387096774 0.34375 0.43044354838709675 0.3472782258064516 0.42867943548387094 0.34627016129032256 0.42313508064516125 0.3777721774193548 0.41481854838709675 0.38079637096774194 0.41481854838709675 0.3792842741935484 0.41154233870967744 0.37525201612903225 0.4090221774193548 0.375 0.4022177419354839 0.3772681451612903 0.4002016129032258 0.38180443548387094 0.4024697580645161 0.383820564516129 0.4019657258064516 0.3870967741935484 0.39742943548387094 0.38533266129032256 0.3954133064516129 0.3840725806451613 0.39087701612903225 0.38130040322580644 0.3898689516129032 0.3787802419354839 0.38583669354838707 0.3767641129032258 0.38785282258064513 0.37348790322580644 0.3873487903225806 0.3714717741935484 0.37701612903225806 0.37298387096774194 0.375 0.3744959677419355 0.36844758064516125 0.37474798387096775 0.359375 0.37348790322580644 0.3576108870967742 0.37273185483870963 0.3586189516129032 0.36844758064516125 0.3550907258064516 0.36643145161290325 0.3555947580645161 0.3631552419354839 0.35408266129032256 0.3442540322580645 0.35307459677419356 0.3389616935483871 0.3553427419354839 0.33442540322580644 0.3548387096774194 0.3319052419354839 0.360383064516129 0.32888104838709675 0.36063508064516125 0.32661290322580644 0.35962701612903225 0.31502016129032256 0.36239919354838707 0.31275201612903225 0.3659274193548387 0.31376008064516125 0.36970766129032256 0.313508064516129 0.37399193548387094 0.3089717741935484 0.3755040322580645 0.30594758064516125 0.37399193548387094 0.3009072580645161 0.375 0.296875 0.38130040322580644 0.2935987903225806 0.38356854838709675 0.29536290322580644 0.390625 0.2928427419354839 0.3928931451612903 0.2872983870967742 0.41129032258064513 0.28780241935483875 0.4128024193548387 0.290070564516129 0.4117943548387097 0.29107862903225806 0.4145665322580645
8 0.5698084677419355 0.9042338709677419 0.5715725806451613 0.90625 0.5740927419354839 0.915070564516129 0.578125 0.923891129032258 0.6000504032258065 0.9596774193548386 0.6098790322580645 0.9637096774193548 0.6179435483870968 0.9710181451612903 0.6282762096774194 0.9773185483870968 0.6333165322580645 0.9788306451612903 0.6365927419354839 0.9813508064516129 0.6685987903225806 0.9977318548387096 0.670866935483871 0.9997479838709677 0.8747479838709677 0.9997479838709677 0.8747479838709677 0.6796875 0.8659274193548386 0.6774193548387096 0.8235887096774194 0.6766633064516129 0.8082157258064516 0.6774193548387096 0.7638608870967741 0.6822076612903225 0.7585685483870968 0.6839717741935484 0.752016129032258 0.689516129032258 0.7436995967741935 0.6932963709677419 0.7056451612903225 0.7026209677419355 0.6965725806451613 0.7069052419354839 0.6633064516129032 0.7268145161290323 0.634828629032258 0.748991935483871 0.6292842741935484 0.7515120967741935 0.5904737903225806 0.7777217741935484 0.581149193548387 0.7862903225806451 0.5753528225806451 0.7935987903225806 0.5751008064516129 0.795866935483871 0.572328629032258 0.8001512096774194 0.5688004032258065 0.8125 0.564516129032258 0.834929435483871 0.5642641129032258 0.8475302419354839 0.5640120967741935 0.8707157258064516 0.5650201612903225 0.883820564516129 0.5698084677419355 0.9042338709677419
8 0.6134072580645161 0.609375 0.6144153225806451 0.6224798387096774 0.6126512096774193 0.6262600806451613 0.6139112903225806 0.6297883064516129 0.6131552419354839 0.6340725806451613 0.6146673387096774 0.6353326612903225 0.6144153225806451 0.6403729838709677 0.6156754032258065 0.6471774193548387 0.6237399193548387 0.6726310483870968 0.6280241935483871 0.678679435483871 0.6441532258064516 0.689516129032258 0.6653225806451613 0.7106854838709677 0.672883064516129 0.7159778225806451 0.6781754032258064 0.7149697580645161 0.6832157258064516 0.7114415322580645 0.7043850806451613 0.7011088709677419 0.7222782258064516 0.6950604838709677 0.7326108870967741 0.6938004032258064 0.7457157258064516 0.6900201612903225 0.7535282258064516 0.6847278225806451 0.7575604838709677 0.680695564516129 0.7673891129032258 0.6774193548387096 0.7883064516129032 0.6769153225806451 0.7953629032258064 0.6748991935483871 0.803679435483871 0.6748991935483871 0.8082157258064516 0.6736391129032258 0.8273689516129032 0.6723790322580645 0.8455141129032258 0.6736391129032258 0.8480342741935484 0.6726310483870968 0.8558467741935484 0.672883064516129 0.8639112903225806 0.6716229838709677 0.8631552419354839 0.6693548387096774 0.8611391129032258 0.670866935483871 0.8601310483870968 0.6701108870967741 0.8601310483870968 0.6683467741935484 0.8553427419354839 0.6628024193548387 0.8540826612903225 0.6658266129032258 0.8515625 0.6670866935483871 0.8465221774193549 0.665070564516129 0.8450100806451613 0.6625504032258064 0.8235887096774194 0.6620463709677419 0.8200604838709677 0.6587701612903225 0.8195564516129032 0.6559979838709677 0.8155241935483871 0.6491935483870968 0.7993951612903225 0.6446572580645161 0.7928427419354839 0.634828629032258 0.7915826612903225 0.6368447580645161 0.7883064516129032 0.6378528225806451 0.7865423387096774 0.6333165322580645 0.7827620967741935 0.6285282258064516 0.7779737903225806 0.6255040322580645 0.7759576612903225 0.6184475806451613 0.7704133064516129 0.6139112903225806 0.7683971774193549 0.6101310483870968 0.7681451612903225 0.6058467741935484 0.7661290322580645 0.6023185483870968 0.7663810483870968 0.5907258064516129 0.7618447580645161 0.5816532258064516 0.7595766129032258 0.5821572580645161 0.7552923387096774 0.5745967741935484 0.7547883064516129 0.5640120967741935 0.7525201612903225 0.5607358870967741 0.7515120967741935 0.5569556451612903 0.7525201612903225 0.5549395161290323 0.7522681451612903 0.5511592741935484 0.748991935483871 0.5446068548387096 0.75 0.5375504032258064 0.7497479838709677 0.5292338709677419 0.7525201612903225 0.5178931451612903 0.7583165322580645 0.5030241935483871 0.7633568548387096 0.4982358870967742 0.7681451612903225 0.4899193548387097 0.7769657258064516 0.47908266129032256 0.8051915322580645 0.4526209677419355 0.8072076612903225 0.4498487903225806 0.8072076612903225 0.44783266129032256 0.8059475806451613 0.4440524193548387 0.7961189516129032 0.4339717741935484 0.7797379032258064 0.42389112903225806 0.7726814516129032 0.4206149193548387 0.7694052419354839 0.4178427419354839 0.7663810483870968 0.4168346774193548 0.7573084677419355 0.415070564516129 0.7447076612903225 0.415070564516129 0.7391633064516129 0.41607862903225806 0.736391129032258 0.4185987903225806 0.7358870967741935 0.42036290322580644 0.7338709677419355 0.4339717741935484 0.7336189516129032 0.4427923387096774 0.7316028225806451 0.4490927419354839 0.7235383064516129 0.4637096774193548 0.7134576612903225 0.47505040322580644 0.7127016129032258 0.4770665322580645 0.6993447580645161 0.48941532258064513 0.680695564516129 0.501008064516129 0.678679435483871 0.5032762096774194 0.6746471774193549 0.5045362903225806 0.6733870967741935 0.506804435483871 0.6703629032258064 0.5078125 0.6683467741935484 0.5105846774193549 0.6653225806451613 0.5100806451612903 0.6615423387096774 0.5131048387096774 0.6549899193548387 0.5153729838709677 0.649445564516129 0.5189012096774194 0.6446572580645161 0.5199092741935484 0.639616935483871 0.522429435483871 0.6383568548387096 0.5246975806451613 0.6350806451612903 0.5257056451612903 0.6335685483870968 0.5272177419354839 0.6297883064516129 0.5335181451612903 0.6265120967741935 0.5360383064516129 0.6265120967741935 0.5423387096774194 0.625 0.5498991935483871 0.6255040322580645 0.5544354838709677 0.623991935483871 0.5572076612903226 0.6209677419354839 0.5592237903225806 0.6171875 0.5657762096774194 0.6159274193548387 0.5748487903225806 0.6144153225806451 0.578125 0.6126512096774193 0.5982862903225806 0.6131552419354839 0.6028225806451613 0.612399193548387 0.6066028225806451 0.6134072580645161 0.609375
8 0.4158266129032258 0.12651209677419353 0.42162298387096775 0.12474798387096774 0.42489919354838707 0.11970766129032258 0.4266633064516129 0.1123991935483871 0.4264112903225806 0.10282258064516128 0.42313508064516125 0.09601814516129031 0.4175907258064516 0.09425403225806452 0.41129032258064513 0.10055443548387097 0.4102822580645161 0.10357862903225806 0.4085181451612903 0.10433467741935483 0.407258064516129 0.11139112903225806 0.4044858870967742 0.11214717741935483 0.40095766129032256 0.11491935483870967 0.40095766129032256 0.11693548387096774 0.4100302419354839 0.1255040322580645 0.4158266129032258 0.12651209677419353
8 0.3709677419354839 0.08669354838709677 0.3707157258064516 0.08870967741935484 0.37348790322580644 0.09022177419354839 0.3762600806451613 0.0955141129032258 0.38130040322580644 0.09778225806451613 0.3863407258064516 0.0967741935483871 0.38961693548387094 0.09778225806451613 0.39364919354838707 0.09627016129032258 0.4024697580645161 0.09627016129032258 0.40347782258064513 0.0955141129032258 0.40524193548387094 0.0907258064516129 0.4032258064516129 0.08719758064516128 0.4002016129032258 0.08744959677419355 0.3961693548387097 0.08341733870967742 0.38785282258064513 0.08215725806451613 0.38256048387096775 0.07358870967741936 0.3787802419354839 0.0703125 0.375 0.07409274193548387 0.373991935483871 0.07787298387096774 0.375 0.08190524193548387 0.3709677419354839 0.08669354838709677
8 0.2391633064516129 0.15725806451612903 0.2469758064516129 0.1736391129032258 0.25075604838709675 0.18422379032258063 0.25756048387096775 0.1897681451612903 0.2626008064516129 0.1970766129032258 0.26764112903225806 0.20211693548387097 0.2711693548387097 0.20816532258064516 0.27368951612903225 0.21043346774193547 0.2769657258064516 0.2114415322580645 0.282258064516129 0.21849798387096775 0.28780241935483875 0.2222782258064516 0.29032258064516125 0.22555443548387097 0.29939516129032256 0.2300907258064516 0.31098790322580644 0.23815524193548387 0.3240927419354839 0.24294354838709678 0.34223790322580644 0.2517641129032258 0.36643145161290325 0.25302419354838707 0.3785282258064516 0.2547883064516129 0.3876008064516129 0.2545362903225806 0.38911290322580644 0.2555443548387097 0.422883064516129 0.24798387096774194 0.42338709677419356 0.24621975806451613 0.4262852822580645 0.24495967741935484 0.42817540322580644 0.2452116935483871 0.43220766129032256 0.24067540322580644 0.4440524193548387 0.23286290322580644 0.44682459677419356 0.23235887096774194 0.4518649193548387 0.2240423387096774 0.4637096774193548 0.19002016129032256 0.4720262096774194 0.17918346774193547 0.47379032258064513 0.1754032258064516 0.4747983870967742 0.1688508064516129 0.4730342741935484 0.1610383064516129 0.4601814516129032 0.12752016129032256 0.4415322580645161 0.09727822580645161 0.4251512096774194 0.07736895161290322 0.40347782258064513 0.05720766129032258 0.3944052419354839 0.05065524193548387 0.3709677419354839 0.04032258064516129 0.3659274193548387 0.0390625 0.3636592741935484 0.04007056451612903 0.36063508064516125 0.039818548387096774 0.3515625 0.03654233870967742 0.33518145161290325 0.033014112903225805 0.29712701612903225 0.03150201612903226 0.2769657258064516 0.03477822580645161 0.26537298387096775 0.0390625 0.2540322580645161 0.041834677419354836 0.24193548387096775 0.05191532258064516 0.23336693548387097 0.0642641129032258 0.22807459677419356 0.07459677419354839 0.22681451612903225 0.07787298387096774 0.2253024193548387 0.09097782258064516 0.22681451612903225 0.11315524193548387 0.23009072580645162 0.1297883064516129 0.2391633064516129 0.15725806451612903
8 0.125 0.3616431451612903 0.14264112903225806 0.37802419354838707 0.1610383064516129 0.3876008064516129 0.16507056451612903 0.38911290322580644 0.19606854838709675 0.3941532258064516 0.2132056451612903 0.3923891129032258 0.22253024193548387 0.3928931451612903 0.23361895161290322 0.3893649193548387 0.24899193548387097 0.3901209677419355 0.2583165322580645 0.3873487903225806 0.2633568548387097 0.38356854838709675 0.2696572580645161 0.38180443548387094 0.27998991935483875 0.3744959677419355 0.28200604838709675 0.37021169354838707 0.2857862903225806 0.3659274193548387 0.28704637096774194 0.36239919354838707 0.2905745967741935 0.36139112903225806 0.2930947580645161 0.3548387096774194 0.29611895161290325 0.3515625 0.29712701612903225 0.34879032258064513 0.3006552419354839 0.3465221774193548 0.30493951612903225 0.33492943548387094 0.30745967741935487 0.3180443548387097 0.3069556451612903 0.3046875 0.3051915322580645 0.2923387096774194 0.3021673387096774 0.2789818548387097 0.29964717741935487 0.2726814516129032 0.26814516129032256 0.2326108870967742 0.25806451612903225 0.22379032258064516 0.25655241935483875 0.21975806451612903 0.24974798387096775 0.2144657258064516 0.24117943548387097 0.20438508064516128 0.23538306451612903 0.19984879032258063 0.23034274193548387 0.19783266129032256 0.2260584677419355 0.1935483870967742 0.22303427419354838 0.18850806451612903 0.21774193548387097 0.18422379032258063 0.21597782258064516 0.17641129032258063 0.20942540322580644 0.17615927419354838 0.20690524193548387 0.1748991935483871 0.19657258064516128 0.1748991935483871 0.19455645161290322 0.17590725806451613 0.18825604838709675 0.17641129032258063 0.18598790322580644 0.17464717741935484 0.17993951612903225 0.17817540322580644 0.17615927419354838 0.17867943548387097 0.17313508064516128 0.18170362903225806 0.14314516129032256 0.19606854838709678 0.14213709677419356 0.19783266129032256 0.13356854838709678 0.20236895161290322 0.1275201612903226 0.2091733870967742 0.12651209677419356 0.21194556451612903 0.125 0.21244959677419353 0.125 0.3616431451612903
8 0.125 0.6912802419354839 0.1358366935483871 0.6945564516129032 0.16003024193548387 0.6975806451612903 0.19077620967741937 0.697328629032258 0.20438508064516128 0.6927923387096774 0.20715725806451613 0.6902721774193549 0.21219758064516128 0.6822076612903225 0.2139616935483871 0.6706149193548387 0.23765120967741934 0.5975302419354839 0.24344758064516128 0.587953629032258 0.24974798387096775 0.5710685483870968 0.2615927419354839 0.546875 0.2631048387096774 0.5362903225806451 0.2631048387096774 0.5226814516129032 0.25705645161290325 0.5040322580645161 0.2487399193548387 0.49168346774193544 0.24067540322580644 0.4740423387096774 0.23865927419354838 0.4725302419354839 0.23336693548387097 0.46345766129032256 0.22631048387096775 0.45892137096774194 0.22001008064516128 0.4480846774193548 0.21345766129032256 0.44254032258064513 0.2053931451612903 0.4375 0.2036290322580645 0.4349798387096774 0.19884072580645162 0.4314516129032258 0.18876008064516128 0.4284274193548387 0.18069556451612903 0.4251512096774193 0.1791834677419355 0.4236391129032258 0.16381048387096775 0.4188508064516129 0.1539818548387097 0.41255040322580644 0.15171370967741934 0.41204637096774194 0.1489415322580645 0.4085181451612903 0.1466733870967742 0.407258064516129 0.1466733870967742 0.40423387096774194 0.14339717741935484 0.4022177419354839 0.13634072580645162 0.3939012096774193 0.13306451612903225 0.3873487903225806 0.13382056451612903 0.38356854838709675 0.13130040322580644 0.38029233870967744 0.13004032258064516 0.3820564516129032 0.1267641129032258 0.38356854838709675 0.1267641129032258 0.38533266129032256 0.125 0.38785282258064513 0.125 0.6912802419354839
6 0.45942540322580644 0.2691532258064516 0.4637096774193548 0.27595766129032256 0.46622983870967744 0.2847782258064516 0.4674899193548387 0.2860383064516129 0.4722782258064516 0.28704637096774194 0.4760584677419355 0.29208669354838707 0.484375 0.29939516129032256 0.4871471774193548 0.30720766129032256 0.4921875 0.31098790322580644 0.4962197580645161 0.3157762096774194 0.5050403225806451 0.3220766129032258 0.5196572580645161 0.329133064516129 0.5299899193548387 0.33669354838709675 0.5375504032258065 0.3402217741935484 0.5509072580645161 0.3442540322580645 0.5534274193548387 0.3477822580645161 0.5531754032258065 0.34904233870967744 0.556703629032258 0.34879032258064513 0.5584677419354839 0.3497983870967742 0.5630040322580645 0.34677419354838707 0.565524193548387 0.3470262096774194 0.577116935483871 0.34879032258064513 0.5786290322580645 0.35131048387096775 0.5816532258064516 0.35307459677419356 0.5884576612903225 0.35307459677419356 0.5922379032258065 0.3543346774193548 0.599546370967742 0.35231854838709675 0.604586693548387 0.35307459677419356 0.6101310483870968 0.3520665322580645 0.6134072580645161 0.352570564516129 0.6207157258064516 0.34526209677419356 0.6267641129032258 0.34122983870967744 0.6340725806451613 0.3402217741935484 0.6496975806451613 0.3336693548387097 0.6522177419354839 0.3303931451612903 0.6610383064516129 0.3263608870967742 0.6653225806451613 0.32560483870967744 0.6859879032258064 0.31502016129032256 0.697328629032258 0.3041834677419355 0.6993447580645161 0.29889112903225806 0.7013608870967741 0.29838709677419356 0.7056451612903225 0.29410282258064513 0.7096774193548387 0.29435483870967744 0.7106854838709677 0.2933467741935484 0.7310987903225806 0.26033266129032256 0.7341229838709677 0.2570564516129032 0.741179435483871 0.24117943548387097 0.7424395161290323 0.23109879032258063 0.7409274193548387 0.22757056451612903 0.7409274193548387 0.22026209677419353 0.7396673387096774 0.2169858870967742 0.7371471774193549 0.21421370967741934 0.7321068548387096 0.203125 0.7290826612903225 0.2001008064516129 0.7278225806451613 0.19606854838709678 0.7172379032258064 0.18220766129032256 0.7006048387096774 0.16658266129032256 0.6769153225806451 0.14994959677419353 0.657258064516129 0.1411290322580645 0.6547379032258064 0.13911290322580644 0.6449092741935484 0.13608870967741934 0.620211693548387 0.13130040322580644 0.6088709677419355 0.13230846774193547 0.5864415322580645 0.13205645161290322 0.5632560483870968 0.1350806451612903 0.5272177419354839 0.1454133064516129 0.5083165322580645 0.15423387096774194 0.5037802419354839 0.15725806451612903 0.4977318548387097 0.1592741935483871 0.47967061491935487 0.1727991431451613 0.4682459677419355 0.18876008064516128 0.45892137096774194 0.21219758064516128 0.4566532258064516 0.2217741935483871 0.45564516129032256 0.23084677419354838 0.4566532258064516 0.25025201612903225 0.45942540322580644 0.2691532258064516
8 0.23034274193548387 0.13079637096774194 0.23966733870967744 0.1580141129032258 0.24722782258064516 0.17439516129032256 0.25126008064516125 0.1857358870967742 0.2651209677419355 0.1975806451612903 0.27066532258064513 0.20766129032258063 0.2772177419354839 0.21244959677419353 0.28251008064516125 0.2205141129032258 0.3084677419354839 0.23689516129032256 0.319304435483871 0.24067540322580644 0.3419858870967742 0.2512600806451613 0.3545866935483871 0.25302419354838707 0.37222782258064513 0.2535282258064516 0.38911290322580644 0.2560483870967742 0.40473790322580644 0.25302419354838707 0.40625 0.251008064516129 0.4100302419354839 0.25151209677419356 0.4183467741935484 0.24294354838709678 0.42086693548387094 0.24420362903225806 0.42389112903225806 0.24017137096774194 0.4256552419354839 0.2409274193548387 0.42817540322580644 0.23865927419354838 0.4314516129032258 0.2391633064516129 0.43598790322580644 0.23815524193548387 0.43724798387096775 0.2361391129032258 0.43951612903225806 0.23563508064516128 0.4412802419354839 0.23639112903225806 0.44657258064516125 0.23286290322580644 0.45161290322580644 0.2240423387096774 0.4548891129032258 0.21295362903225806 0.46396169354838707 0.18951612903225806 0.4710181451612903 0.18044354838709678 0.47379032258064513 0.17515120967741934 0.47454637096774194 0.16834677419354838 0.4730342741935484 0.1617943548387097 0.4604334677419355 0.1285282258064516 0.4498487903225806 0.10912298387096774 0.44002016129032256 0.09501008064516128 0.4246471774193548 0.07711693548387097 0.4100302419354839 0.06300403225806452 0.3949092741935484 0.05115927419354838 0.3787802419354839 0.043094758064516125 0.37651209677419356 0.043094758064516125 0.3707157258064516 0.04057459677419355 0.366179435483871 0.03931451612903226 0.3626512096774194 0.04057459677419355 0.34954637096774194 0.0360383064516129 0.334929435483871 0.033014112903225805 0.31527217741935487 0.031754032258064516 0.3082157258064516 0.03251008064516129 0.297883064516129 0.030997983870967742 0.27998991935483875 0.03452620967741935 0.2772177419354839 0.034274193548387094 0.2547883064516129 0.04158266129032258 0.24621975806451613 0.047379032258064516 0.23815524193548387 0.05720766129032258 0.23009072580645162 0.07081653225806452 0.2270665322580645 0.07837701612903225 0.2260584677419355 0.08442540322580645 0.2253024193548387 0.09601814516129031 0.22807459677419356 0.11945564516129031 0.23034274193548387 0.13079637096774194