12 0.5435987903225806 0.31376008064516125 0.5471270161290323 0.328125 0.5514112903225806 0.33064516129032256 0.5521673387096774 0.3326612903225806 0.560483870967742 0.34097782258064513 0.5622479838709677 0.3455141129032258 0.568296370967742 0.3508064516129032 0.5688004032258065 0.35231854838709675 0.5763608870967742 0.359375 0.5796370967741935 0.3598790322580645 0.5803931451612903 0.3626512096774193 0.6204637096774193 0.4027217741935484 0.6209677419354839 0.4044858870967742 0.6237399193548387 0.40599798387096775 0.627016129032258 0.41305443548387094 0.6328125 0.4183467741935484 0.6391129032258064 0.42817540322580644 0.6507056451612903 0.43548387096774194 0.6532258064516129 0.43951612903225806 0.6570060483870968 0.4430443548387097 0.6759072580645161 0.4564012096774193 0.7006048387096774 0.4669858870967742 0.7043850806451613 0.4710181451612903 0.7094254032258064 0.4740423387096774 0.7215221774193549 0.484375 0.7537802419354839 0.4987399193548387 0.7716733870967741 0.5035282258064516 0.7850302419354839 0.5093245967741935 0.8079637096774194 0.5148689516129032 0.8180443548387096 0.5148689516129032 0.8288810483870968 0.5163810483870968 0.842741935483871 0.5158770161290323 0.8470262096774194 0.5173891129032258 0.8571068548387096 0.5171370967741935 0.8699596774193549 0.5153729838709677 0.8747479838709677 0.5133568548387096 0.8747479838709677 0.1748991935483871 0.8631552419354839 0.17086693548387097 0.8553427419354839 0.1701108870967742 0.8528225806451613 0.16834677419354838 0.842741935483871 0.16658266129032256 0.8238407258064516 0.16607862903225806 0.7905745967741935 0.16330645161290322 0.7389112903225806 0.1675907258064516 0.7227822580645161 0.1701108870967742 0.7114415322580645 0.17389112903225806 0.7038810483870968 0.1748991935483871 0.65625 0.19254032258064516 0.6502016129032258 0.19606854838709678 0.6469254032258064 0.19984879032258063 0.642641129032258 0.20262096774193547 0.6388608870967741 0.20766129032258063 0.6307963709677419 0.21345766129032256 0.6171875 0.2174899193548387 0.6136592741935484 0.2217741935483871 0.6081149193548387 0.22253024193548387 0.603578629032258 0.22757056451612903 0.6000504032258065 0.22731854838709678 0.583921370967742 0.23084677419354838 0.5834173387096774 0.23412298387096775 0.5824092741935484 0.2348790322580645 0.571320564516129 0.23538306451612903 0.5665322580645161 0.2404233870967742 0.5612399193548387 0.24319556451612903 0.5584677419354839 0.24596774193548387 0.5539314516129032 0.2545362903225806 0.547883064516129 0.26033266129032256 0.5453629032258065 0.26537298387096775 0.5433467741935484 0.27318548387096775 0.5415826612903225 0.2857862903225806 0.5423387096774193 0.3004032258064516 0.5435987903225806 0.31376008064516125
6 0.546875 0.32787298387096775 0.5506552419354839 0.3303931451612903 0.5516633064516129 0.3326612903225806 0.5504032258064516 0.3354334677419355 0.5924899193548387 0.37525201612903225 0.6015625 0.38256048387096775 0.6048387096774193 0.3870967741935484 0.6164314516129032 0.3984375 0.6209677419354839 0.40473790322580644 0.6232358870967742 0.40599798387096775 0.627016129032258 0.4135584677419355 0.631804435483871 0.4180947580645161 0.6383568548387096 0.4284274193548387 0.6522177419354839 0.43775201612903225 0.6565020161290323 0.4430443548387097 0.6759072580645161 0.4566532258064516 0.6930443548387096 0.4642137096774193 0.7215221774193549 0.48462701612903225 0.7537802419354839 0.4987399193548387 0.7696572580645161 0.5030241935483871 0.7852822580645161 0.5095766129032258 0.8079637096774194 0.5148689516129032 0.8475302419354839 0.517641129032258 0.8699596774193549 0.5153729838709677 0.8747479838709677 0.5136088709677419 0.8747479838709677 0.17515120967741934 0.8631552419354839 0.17111895161290322 0.8555947580645161 0.17036290322580644 0.8528225806451613 0.16859879032258063 0.8424899193548386 0.16658266129032256 0.7971270161290323 0.16355846774193547 0.7767137096774194 0.1640625 0.7381552419354839 0.16784274193548387 0.7358870967741935 0.1688508064516129 0.7222782258064516 0.17036290322580644 0.7116935483870968 0.17389112903225806 0.703125 0.17515120967741934 0.6814516129032258 0.18296370967741934 0.6683467741935484 0.18901209677419353 0.6653225806451613 0.18850806451612903 0.65625 0.19254032258064516 0.6439012096774194 0.20186491935483872 0.6381887600806452 0.20858543346774194 0.6320564516129032 0.21295362903225806 0.6272681451612903 0.21522177419354838 0.6184475806451613 0.2174899193548387 0.6154233870967742 0.2205141129032258 0.6118951612903225 0.2222782258064516 0.6078629032258065 0.22278225806451613 0.6050907258064516 0.2265625 0.6020665322580645 0.22807459677419353 0.6000504032258065 0.22731854838709678 0.5985383064516129 0.2288306451612903 0.5922379032258065 0.23034274193548387 0.5871975806451613 0.23336693548387097 0.5844254032258065 0.2318548387096774 0.5836693548387097 0.234375 0.5824092741935484 0.23513104838709678 0.571320564516129 0.23563508064516128 0.5657762096774193 0.24143145161290322 0.5609879032258065 0.24344758064516128 0.5584677419354839 0.24621975806451613 0.5541834677419355 0.2540322580645161 0.547883064516129 0.2605846774193548 0.5435987903225806 0.2721774193548387 0.5415826612903225 0.2860383064516129 0.5435987903225806 0.3142641129032258 0.546875 0.32787298387096775
6 0.1267641129032258 0.09206980846774195 0.1305443548387097 0.11491935483870967 0.13382056451612903 0.12096774193548387 0.1345766129032258 0.12651209677419353 0.14163306451612903 0.14012096774193547 0.14768145161290322 0.14818548387096775 0.1567540322580645 0.16507056451612903 0.16683467741935484 0.17918346774193547 0.17263104838709678 0.1819556451612903 0.17867943548387097 0.19178427419354838 0.18472782258064516 0.19632056451612903 0.18775201612903225 0.2001008064516129 0.21194556451612903 0.2169858870967742 0.2247983870967742 0.2240423387096774 0.23160282258064516 0.22555443548387097 0.2404233870967742 0.22933467741935484 0.2578125 0.23462701612903225 0.26638104838709675 0.23563508064516128 0.3006552419354839 0.23462701612903225 0.3321572580645161 0.22782258064516128 0.352570564516129 0.21774193548387097 0.3676915322580645 0.20589717741935484 0.375 0.19934475806451613 0.3863407258064516 0.18548387096774194 0.3923891129032258 0.17263104838709678 0.3941532258064516 0.1622983870967742 0.3941532258064516 0.14742943548387097 0.38911290322580644 0.11970766129032258 0.390625 0.10735887096774194 0.3951612903225806 0.09148185483870967 0.391633064516129 0.07888104838709677 0.3898689516129032 0.05720766129032258 0.3876008064516129 0.047631048387096774 0.3868447580645161 0.012096774193548387 0.38533266129032256 0.0078125 0.38029233870967744 0.0017641129032258064 0.38029233870967744 0 0.125 0 0.125 0.08845766129032258 0.1267641129032258 0.09206980846774195
12 0.3939012096774194 0.06048387096774194 0.3946572580645161 0.06577620967741936 0.3941532258064516 0.07132056451612903 0.3979334677419355 0.08845766129032258 0.4049899193548387 0.10761088709677419 0.40599798387096775 0.11542338709677419 0.4085181451612903 0.12298387096774194 0.41557459677419356 0.13608870967741934 0.4183467741935484 0.14465725806451613 0.4266633064516129 0.15700604838709678 0.4329637096774194 0.1688508064516129 0.44380040322580644 0.1827116935483871 0.45438508064516125 0.1927923387096774 0.47731854838709675 0.20992943548387097 0.4861391129032258 0.21421370967741934 0.4967237903225806 0.21723790322580644 0.5063004032258065 0.22152217741935484 0.5226814516129032 0.22555443548387097 0.5350302419354839 0.22605846774193547 0.5609879032258065 0.22505040322580644 0.5652721774193548 0.22278225806451613 0.5718245967741935 0.22303427419354838 0.5844254032258065 0.2210181451612903 0.600554435483871 0.2144657258064516 0.6055947580645161 0.21370967741935484 0.609375 0.21068548387096775 0.6209677419354839 0.20640120967741934 0.6368447580645161 0.1958165322580645 0.6459173387096774 0.19178427419354838 0.6524697580645161 0.1849798387096774 0.6590221774193549 0.1814516129032258 0.6680947580645161 0.17162298387096775 0.6801915322580645 0.1544858870967742 0.6892641129032258 0.13306451612903225 0.6993447580645161 0.11617943548387097 0.7071572580645161 0.08492943548387097 0.7096774193548387 0.06123991935483871 0.7101814516129032 0.030997983870967742 0.7071572580645161 0 0.39213709677419356 0 0.38961693548387094 0.008064516129032258 0.38961693548387094 0.04107862903225806 0.391633064516129 0.05569556451612903 0.3939012096774194 0.06048387096774194
12 0.3389616935483871 0.47505040322580644 0.3397177419354839 0.4879032258064516 0.34097782258064513 0.49117943548387094 0.34097782258064513 0.5050403225806451 0.3472782258064516 0.5219254032258064 0.35005040322580644 0.5325100806451613 0.3520665322580645 0.5362903225806451 0.3560987903225806 0.5534274193548387 0.36214717741935487 0.5708165322580645 0.36693548387096775 0.5816532258064516 0.3732358870967742 0.5919858870967741 0.37424395161290325 0.5970262096774194 0.3785282258064516 0.6013104838709677 0.3840725806451613 0.6123991935483871 0.38860887096774194 0.616179435483871 0.3898689516129032 0.6199596774193549 0.3944052419354839 0.627016129032258 0.39692540322580644 0.6300403225806451 0.4002016129032258 0.6302923387096774 0.4122983870967742 0.6509576612903225 0.4440524193548387 0.686491935483871 0.46244959677419356 0.7036290322580645 0.4652217741935484 0.7096774193548387 0.4826108870967742 0.7310987903225806 0.4904233870967742 0.7381552419354839 0.4992439516129032 0.7484879032258064 0.5093966733870967 0.7573805443548387 0.5345262096774193 0.7867943548387096 0.5430947580645161 0.7953629032258064 0.5456149193548387 0.7993951612903225 0.5539314516129032 0.8072076612903225 0.5970262096774193 0.8606350806451613 0.602570564516129 0.8656754032258064 0.6189516129032258 0.8883568548387096 0.6227318548387097 0.8911290322580645 0.6280241935483871 0.8979334677419355 0.6393649193548387 0.9092741935483871 0.665070564516129 0.9296875 0.6880040322580645 0.9382560483870968 0.7016129032258064 0.9400201612903225 0.7111895161290323 0.9392641129032258 0.7225302419354839 0.9362399193548386 0.735383064516129 0.9289314516129032 0.7384072580645161 0.9259072580645161 0.7401713709677419 0.9191028225806451 0.7436995967741935 0.9170866935483871 0.7484879032258064 0.9105342741935484 0.7560483870967741 0.8941532258064516 0.7613407258064516 0.8787802419354839 0.7641129032258064 0.8654233870967741 0.764616935483871 0.8387096774193548 0.7593245967741935 0.8069556451612903 0.7537802419354839 0.7860383064516129 0.7439516129032258 0.7628528225806451 0.7308467741935484 0.7215221774193549 0.728578629032258 0.7101814516129032 0.7215221774193549 0.6880040322580645 0.7086693548387096 0.6227318548387096 0.6900201612903226 0.5504032258064516 0.6809475806451613 0.5216733870967741 0.6595262096774194 0.4710181451612903 0.6310483870967741 0.4246471774193548 0.6166834677419355 0.4090221774193548 0.6086189516129032 0.39642137096774194 0.5826612903225806 0.36920362903225806 0.5609879032258065 0.3497983870967742 0.5506552419354839 0.34375 0.5365423387096775 0.3387096774193548 0.53125 0.33392137096774194 0.5063004032258065 0.3235887096774194 0.49848790322580644 0.32106854838709675 0.4586693548387097 0.3160282258064516 0.44329637096774194 0.3172883064516129 0.42313508064516125 0.3225806451612903 0.4133064516129032 0.32661290322580644 0.39213709677419356 0.3387096774193548 0.37525201612903225 0.35458669354838707 0.3634072580645161 0.36970766129032256 0.3548387096774194 0.38356854838709675 0.34576612903225806 0.4012096774193548 0.3394657258064516 0.4284274193548387 0.33845766129032256 0.43876008064516125 0.3394657258064516 0.45211693548387094 0.3389616935483871 0.47505040322580644
12 0.1302923387096774 0.7273185483870968 0.12928427419354838 0.7595766129032258 0.1297883064516129 0.766633064516129 0.13382056451612903 0.7870463709677419 0.14969758064516128 0.834929435483871 0.1610383064516129 0.8558467741935484 0.16280241935483872 0.8623991935483871 0.17515120967741934 0.8805443548387096 0.1975806451612903 0.9039818548387096 0.2053931451612903 0.9095262096774194 0.2139616935483871 0.9191028225806451 0.2265625 0.9304435483870968 0.23891129032258063 0.9380040322580645 0.24596774193548387 0.9435483870967741 0.2573084677419355 0.9460685483870968 0.2779737903225806 0.959929435483871 0.2847782258064516 0.9627016129032258 0.2930947580645161 0.9639616935483871 0.3041834677419355 0.9627016129032258 0.31023185483870963 0.9634576612903225 0.31905241935483875 0.9662298387096774 0.33442540322580644 0.9669858870967741 0.35357862903225806 0.9659778225806451 0.3795362903225806 0.9591733870967741 0.39566532258064513 0.9513608870967741 0.3996975806451613 0.9480846774193548 0.40599798387096775 0.9450604838709677 0.4168346774193548 0.9357358870967741 0.43876008064516125 0.9115423387096774 0.44657258064516125 0.897429435483871 0.4569052419354839 0.8744959677419355 0.4627016129032258 0.8563508064516129 0.4679939516129032 0.821320564516129 0.4679939516129032 0.7847782258064516 0.46673387096774194 0.766633064516129 0.461945564516129 0.7482358870967741 0.45841733870967744 0.7409274193548386 0.4579133064516129 0.7373991935483871 0.4508568548387097 0.7247983870967741 0.4501008064516129 0.7200100806451613 0.4458165322580645 0.7137096774193549 0.43775201612903225 0.694304435483871 0.4319556451612903 0.6859879032258064 0.43094758064516125 0.6822076612903225 0.42867943548387094 0.678679435483871 0.4251512096774194 0.6764112903225806 0.4075100806451613 0.6559979838709677 0.40045362903225806 0.6456653225806451 0.39818548387096775 0.6439012096774194 0.391633064516129 0.6323084677419355 0.38583669354838707 0.6280241935483871 0.3686995967741935 0.6176915322580645 0.35962701612903225 0.6141633064516129 0.35433467741935487 0.610383064516129 0.32686491935483875 0.600554435483871 0.3165322580645161 0.5980342741935484 0.2857862903225806 0.594758064516129 0.265625 0.594758064516129 0.251008064516129 0.5980342741935484 0.23235887096774194 0.5997983870967741 0.22555443548387097 0.6015625 0.2096774193548387 0.6081149193548387 0.17565524193548387 0.6265120967741935 0.16859879032258063 0.6323084677419355 0.16129032258064516 0.640625 0.1537298387096774 0.6466733870967741 0.14818548387096775 0.6549899193548387 0.1423891129032258 0.6615423387096774 0.1328125 0.6819556451612903 0.12928427419354838 0.7096774193548387 0.12903225806451613 0.7174899193548386 0.13004032258064516 0.7200100806451613 0.1302923387096774 0.7273185483870968
8 0.125 0.20690524193548387 0.125 0.5231854838709677 0.14642137096774194 0.5415826612903226 0.16280241935483872 0.5496471774193549 0.18245967741935484 0.5549395161290323 0.1940524193548387 0.555695564516129 0.21471774193548387 0.5541834677419355 0.2253024193548387 0.5509072580645161 0.2444556451612903 0.5420866935483871 0.26058467741935487 0.5284778225806451 0.2671370967741935 0.5204133064516129 0.2716733870967742 0.5171370967741935 0.2767137096774194 0.509828629032258 0.282258064516129 0.5055443548387096 0.2850302419354839 0.5017641129032258 0.2920866935483871 0.4914314516129032 0.29813508064516125 0.4747983870967742 0.3016633064516129 0.4705141129032258 0.3061995967741935 0.45287298387096775 0.30720766129032256 0.43724798387096775 0.31048387096774194 0.4183467741935484 0.31123991935483875 0.3989415322580645 0.3125 0.39087701612903225 0.3119959677419355 0.3704637096774193 0.30720766129032256 0.3407258064516129 0.3011592741935484 0.32056451612903225 0.2943548387096774 0.30544354838709675 0.2905745967741935 0.2991431451612903 0.28704637096774194 0.29536290322580644 0.28049395161290325 0.27923387096774194 0.27066532258064513 0.26537298387096775 0.26638104838709675 0.26083669354838707 0.2615927419354839 0.2487399193548387 0.256804435483871 0.24495967741935484 0.2560483870967742 0.24117943548387097 0.2522681451612903 0.2379032258064516 0.22731854838709675 0.22857862903225806 0.20463709677419356 0.21673387096774194 0.20060483870967744 0.21421370967741934 0.19732862903225806 0.20992943548387097 0.18876008064516128 0.20589717741935484 0.1766633064516129 0.19455645161290322 0.171875 0.19153225806451613 0.17036290322580644 0.18850806451612903 0.16733870967741934 0.18775201612903225 0.16532258064516128 0.1819556451612903 0.15498991935483872 0.17767137096774194 0.15221774193548387 0.1774193548387097 0.1479334677419355 0.18170362903225806 0.14440524193548387 0.1827116935483871 0.13407258064516128 0.1935483870967742 0.13205645161290322 0.2001008064516129 0.1280241935483871 0.20514112903225806 0.125 0.20690524193548387
8 0.33392137096774194 0.3797883064516129 0.34223790322580644 0.3946572580645161 0.344758064516129 0.3961693548387097 0.3477822580645161 0.3941532258064516 0.35357862903225806 0.38256048387096775 0.3631552419354839 0.3671875 0.375 0.352570564516129 0.390625 0.3382056451612903 0.4027217741935484 0.3303931451612903 0.42338709677419356 0.32056451612903225 0.4453125 0.31552419354838707 0.4596774193548387 0.31451612903225806 0.4783266129032258 0.3157762096774194 0.5017641129032258 0.3195564516129032 0.5143649193548387 0.3238407258064516 0.5350302419354839 0.33341733870967744 0.5372983870967742 0.3319052419354839 0.5385584677419355 0.32661290322580644 0.5378024193548387 0.3170362903225806 0.5360383064516129 0.3107358870967742 0.5350302419354839 0.28654233870967744 0.537046370967742 0.2613407258064516 0.5355342741935484 0.2547883064516129 0.5325100806451613 0.2482358870967742 0.5090725806451613 0.22505040322580644 0.5002520161290323 0.22127016129032256 0.4909274193548387 0.21900201612903225 0.48185483870967744 0.21421370967741934 0.4715221774193548 0.20816532258064516 0.4513608870967742 0.19329637096774194 0.43598790322580644 0.18422379032258063 0.4185987903225806 0.1796875 0.4017137096774194 0.17918346774193547 0.3944052419354839 0.18170362903225806 0.3868447580645161 0.19430443548387097 0.36995967741935487 0.2109375 0.35282258064516125 0.2235383064516129 0.3334173387096774 0.23387096774193547 0.328125 0.2421875 0.3238407258064516 0.2547883064516129 0.321320564516129 0.2691532258064516 0.31880040322580644 0.27595766129032256 0.3177923387096774 0.290070564516129 0.31804435483870963 0.31829637096774194 0.3240927419354839 0.35231854838709675 0.33392137096774194 0.3797883064516129
6 0.3404737903225806 0.5052923387096774 0.3510584677419355 0.5340221774193549 0.35282258064516125 0.5433467741935484 0.3611391129032258 0.5672883064516129 0.36139112903225806 0.571320564516129 0.3709677419354839 0.5882056451612903 0.3744959677419355 0.5987903225806451 0.3944052419354839 0.6280241935483871 0.39692540322580644 0.6302923387096774 0.39994959677419356 0.6300403225806451 0.40473790322580644 0.6370967741935484 0.4075100806451613 0.6444052419354839 0.42716733870967744 0.6680947580645161 0.44657258064516125 0.6887600806451613 0.4508568548387097 0.6915322580645161 0.4576612903225806 0.6983366935483871 0.48639112903225806 0.735383064516129 0.5234375 0.7729334677419355 0.5347782258064516 0.7870463709677419 0.5544354838709677 0.8082157258064516 0.561491935483871 0.8175403225806451 0.569304435483871 0.8251008064516129 0.5871975806451613 0.8485383064516129 0.6050907258064516 0.8694556451612903 0.6179435483870968 0.8868447580645161 0.6391129032258064 0.9092741935483871 0.666078629032258 0.9301915322580645 0.6862399193548387 0.9380040322580645 0.7016129032258064 0.9402721774193548 0.711945564516129 0.939516129032258 0.7222782258064516 0.9362399193548386 0.735383064516129 0.9291834677419355 0.7381552419354839 0.9266633064516129 0.7409274193548387 0.9198588709677419 0.7494959677419355 0.9090221774193548 0.7600806451612903 0.884828629032258 0.7623487903225806 0.8767641129032258 0.7641129032258064 0.8649193548387096 0.764616935483871 0.8377016129032258 0.7578125 0.8004032258064516 0.7540322580645161 0.7867943548387096 0.7419354838709677 0.7580645161290323 0.7192540322580645 0.6759072580645161 0.7061491935483871 0.6129032258064516 0.6900201612903226 0.5501512096774194 0.6809475806451613 0.5214213709677419 0.6663306451612903 0.48513104838709675 0.6567540322580645 0.46597782258064513 0.6307963709677419 0.4246471774193548 0.6166834677419355 0.4090221774193548 0.611391129032258 0.39994959677419356 0.580141129032258 0.36693548387096775 0.561491935483871 0.3503024193548387 0.5501512096774193 0.34375 0.542086693548387 0.34122983870967744 0.5317540322580645 0.33392137096774194 0.5161290322580645 0.3268649193548387 0.4977318548387097 0.3208165322580645 0.46219758064516125 0.3157762096774194 0.4435483870967742 0.3170362903225806 0.42212701612903225 0.3225806451612903 0.4075100806451613 0.329133064516129 0.39213709677419356 0.33845766129032256 0.38029233870967744 0.3508064516129032 0.373991935483871 0.3555947580645161 0.36189516129032256 0.3717237903225806 0.3460181451612903 0.40045362903225806 0.3394657258064516 0.42867943548387094 0.33845766129032256 0.438508064516129 0.33870967741935487 0.4747983870967742 0.3404737903225806 0.5052923387096774
12 0.5433467741935484 0.3142641129032258 0.5473790322580645 0.328125 0.5514112903225806 0.3303931451612903 0.557711693548387 0.33845766129032256 0.5612399193548387 0.34097782258064513 0.5627520161290323 0.3455141129032258 0.5688004032258065 0.34954637096774194 0.5740927419354839 0.35735887096774194 0.5768649193548387 0.35962701612903225 0.5786290322580645 0.35912298387096775 0.580141129032258 0.3626512096774193 0.586945564516129 0.36970766129032256 0.5897177419354839 0.3712197580645161 0.6038306451612903 0.3850806451612903 0.6267641129032258 0.41431451612903225 0.6307963709677419 0.4173387096774193 0.6350806451612903 0.42313508064516125 0.6368447580645161 0.42767137096774194 0.640625 0.4296875 0.6451612903225806 0.4339717741935484 0.649445564516129 0.44002016129032256 0.665070564516129 0.4470766129032258 0.6703629032258064 0.453125 0.6756552419354839 0.4566532258064516 0.689516129032258 0.46244959677419356 0.7162298387096774 0.4798387096774193 0.7217741935483871 0.484375 0.7457157258064516 0.4939516129032258 0.7537802419354839 0.4987399193548387 0.7689012096774194 0.5030241935483871 0.7850302419354839 0.5095766129032258 0.8084677419354839 0.5151209677419355 0.8475302419354839 0.517641129032258 0.8689516129032258 0.515625 0.8747479838709677 0.5138608870967741 0.8747479838709677 0.1774193548387097 0.8729838709677419 0.1748991935483871 0.8634072580645161 0.17111895161290322 0.8424899193548386 0.16658266129032256 0.805695564516129 0.16481854838709678 0.796875 0.16355846774193547 0.7769657258064516 0.1640625 0.7484879032258064 0.16658266129032256 0.7235383064516129 0.17036290322580644 0.7121975806451613 0.17389112903225806 0.7038810483870968 0.1748991935483871 0.6570060483870968 0.19203629032258063 0.6496975806451613 0.19632056451612903 0.6418850806451613 0.2036290322580645 0.6386088709677419 0.20816532258064516 0.6340725806451613 0.21043346774193547 0.6315524193548387 0.21295362903225806 0.6214717741935484 0.21597782258064516 0.6174395161290323 0.21799395161290322 0.6129032258064516 0.22202620967741934 0.6106350806451613 0.22127016129032256 0.6081149193548387 0.2222782258064516 0.6055947580645161 0.2265625 0.6030745967741935 0.2283266129032258 0.6000504032258065 0.22731854838709678 0.5975302419354839 0.2295866935483871 0.594758064516129 0.2295866935483871 0.5922379032258065 0.23160282258064516 0.587953629032258 0.2326108870967742 0.5844254032258065 0.23084677419354838 0.5831653225806451 0.23387096774193547 0.571320564516129 0.23563508064516128 0.565524193548387 0.24143145161290322 0.5612399193548387 0.24319556451612903 0.5584677419354839 0.24596774193548387 0.5539314516129032 0.2537802419354839 0.5476310483870968 0.2605846774193548 0.5433467741935484 0.2721774193548387 0.541078629032258 0.28629032258064513 0.542086693548387 0.3004032258064516 0.5433467741935484 0.3142641129032258
6 0.12903225806451613 0.744203629032258 0.1297883064516129 0.766633064516129 0.13407258064516128 0.7890625 0.14969758064516128 0.834929435483871 0.1580141129032258 0.8492943548387096 0.16280241935483872 0.8626512096774194 0.17313508064516128 0.8782762096774194 0.1975806451612903 0.9044858870967741 0.20766129032258063 0.9117943548387096 0.21849798387096775 0.9236391129032258 0.22757056451612903 0.9314516129032258 0.23790322580645162 0.9375 0.24546370967741934 0.9432963709677419 0.2573084677419355 0.9460685483870968 0.28251008064516125 0.961945564516129 0.2946068548387097 0.9639616935483871 0.3069556451612903 0.9632056451612903 0.32106854838709675 0.9664818548387096 0.33442540322580644 0.9672379032258064 0.3510584677419355 0.9664818548387096 0.35735887096774194 0.9652217741935484 0.36517137096774194 0.961945564516129 0.3795362903225806 0.9591733870967741 0.39566532258064513 0.9513608870967741 0.3996975806451613 0.9480846774193548 0.40700604838709675 0.9445564516129032 0.4168346774193548 0.9357358870967741 0.43901209677419356 0.9110383064516129 0.4448084677419355 0.9012096774193548 0.4569052419354839 0.8744959677419355 0.4637096774193548 0.8510584677419355 0.4674899193548387 0.828125 0.4682459677419355 0.8150201612903225 0.4679939516129032 0.7852822580645161 0.4664818548387097 0.765625 0.45816532258064513 0.7379032258064516 0.45438508064516125 0.7303427419354839 0.45110887096774194 0.7263104838709677 0.45035282258064513 0.7202620967741935 0.44682459677419356 0.7152217741935484 0.4380040322580645 0.6935483870967741 0.43119959677419356 0.6819556451612903 0.407258064516129 0.6557459677419355 0.39037298387096775 0.6313004032258064 0.368195564516129 0.6176915322580645 0.359375 0.6141633064516129 0.3553427419354839 0.6111391129032258 0.3397177419354839 0.6063508064516129 0.327116935483871 0.6008064516129032 0.31224798387096775 0.5975302419354839 0.2920866935483871 0.5962701612903225 0.2847782258064516 0.594758064516129 0.26411290322580644 0.5950100806451613 0.24596774193548387 0.5987903225806451 0.22908266129032256 0.6008064516129032 0.2164818548387097 0.6050907258064516 0.20161290322580644 0.6123991935483871 0.19984879032258063 0.6141633064516129 0.1869959677419355 0.6197076612903225 0.17565524193548387 0.6267641129032258 0.16809475806451613 0.6328125 0.15826612903225806 0.6433971774193549 0.1532258064516129 0.647429435483871 0.14163306451612903 0.6628024193548387 0.1328125 0.6819556451612903 0.1310483870967742 0.6922883064516129 0.12878024193548387 0.7167338709677419 0.13004032258064516 0.7316028225806451 0.12903225806451613 0.744203629032258