0 0.208984375 0.6787109375 0.166015625 0.169921875
0 0.0654296875 0.6845703125 0.1298828125 0.1845703125
0 0.3515625 0.6884765625 0.115234375 0.1953125
0 0.4853515625 0.6845703125 0.1123046875 0.169921875
0 0.640625 0.6826171875 0.119140625 0.1728515625
0 0.78125 0.6787109375 0.1298828125 0.166015625
0 0.9189453125 0.6826171875 0.1298828125 0.169921875
0 0.8896484375 0.3681640625 0.1259765625 0.1806640625
0 0.740234375 0.34375 0.1298828125 0.166015625
0 0.265625 0.3466796875 0.1484375 0.1484375
0 0.125 0.3681640625 0.14453125 0.1591796875