3 0.181578 0.813256 0.113155 0.188004
1 0.313130 0.854209 0.166583 0.137349
3 0.497354 0.786164 0.119204 0.125756
1 0.651588 0.613155 0.121220 0.158266
3 0.214340 0.679309 0.100554 0.106603
1 0.444178 0.346900 0.163054 0.110635
1 0.538936 0.185232 0.099042 0.180948
1 0.413558 0.224420 0.097782 0.145413
3 0.791835 0.564642 0.165827 0.196825
3 0.748992 0.480973 0.114415 0.152974
3 0.441658 0.446321 0.135333 0.153226
3 0.297631 0.372732 0.098790 0.132560
3 0.533518 0.504158 0.108871 0.108619
3 0.453881 0.671371 0.126008 0.135585
3 0.302167 0.629662 0.108871 0.147933
3 0.534526 0.911038 0.196069 0.149194
3 0.313130 0.854209 0.166583 0.137349
