4 0.547126953125 0.328125 0.5514111328125 0.3306455078125 0.5521669921875 0.3326611328125 0.5604833984375 0.3409775390625 0.562248046875 0.345513671875 0.5682958984375 0.350806640625 0.56880078125 0.352318359375 0.576361328125 0.359375 0.57963671875 0.35987890625 0.5803935546875 0.3626513671875 0.6204638671875 0.4027216796875 0.6209677734375 0.40448632812500007 0.623740234375 0.405998046875 0.6270166015625 0.4130546875 0.6328125 0.4183466796875 0.63911328125 0.42817578125000005 0.6507060546875 0.43548339843750006 0.6532255859375 0.43951660156249994 0.657005859375 0.4430439453125 0.6759072265625 0.4564013671875 0.7006044921875 0.46698632812500007 0.704384765625 0.4710185546875 0.70942578125 0.4740419921875 0.7215224609375 0.484375 0.7537802734375 0.4987402343749999 0.771673828125 0.5035283203125 0.7850302734375 0.50932421875 0.8079638671874999 0.514869140625 0.8180439453125 0.514869140625 0.828880859375 0.516380859375 0.8427421875000001 0.515876953125 0.8470263671874999 0.517388671875 0.8571064453125 0.51713671875 0.8699599609375002 0.515373046875 0.874748046875 0.5133564453125 0.874748046875 0.1748994140625 0.8631552734374999 0.1708671875 0.8553427734374999 0.170111328125 0.852822265625 0.1683466796875 0.8427421875000001 0.1665830078125 0.8238408203125 0.1660791015625 0.79057421875 0.163306640625 0.7389111328125 0.1675908203125 0.7227822265625 0.170111328125 0.71144140625 0.1738916015625 0.703880859375 0.1748994140625 0.65625 0.1925400390625 0.650201171875 0.196068359375 0.64692578125 0.1998486328125 0.6426416015625 0.20262109375 0.638861328125 0.20766113281250004 0.6307958984375 0.2134580078125 0.6171875 0.21749023437499998 0.6136591796875 0.22177441406250004 0.608115234375 0.2225302734375 0.6035791015625 0.2275703125 0.60005078125 0.22731835937499997 0.5839208984375 0.2308466796875 0.5834169921875 0.23412304687500002 0.5824091796875 0.23487890625 0.5713203125 0.2353828125 0.5665322265625 0.24042382812500002 0.561240234375 0.2431953125 0.5584677734375 0.2459677734375 0.553931640625 0.2545361328125 0.5478828125 0.2603330078125 0.54536328125 0.265373046875 0.5433466796875 0.273185546875 0.5415830078125 0.2857861328125 0.5423388671875 0.3004033203125 0.5435986328125 0.313759765625 0.547126953125 0.328125
11 0.5506552734375 0.3303935546875 0.5516630859375 0.3326611328125 0.5504033203125 0.33543359375 0.592490234375 0.375251953125 0.6015625 0.382560546875 0.6048388671875 0.3870966796875 0.616431640625 0.3984375 0.6209677734375 0.40473828125000005 0.623236328125 0.405998046875 0.6270166015625 0.41355859375000004 0.6318046875 0.4180947265625 0.6383564453125 0.4284277343749999 0.6522177734375 0.437751953125 0.656501953125 0.4430439453125 0.6759072265625 0.4566533203125 0.6930439453125 0.4642138671875 0.7215224609375 0.484626953125 0.7537802734375 0.4987402343749999 0.7696572265625 0.5030244140625 0.7852822265625 0.509576171875 0.8079638671874999 0.514869140625 0.8475302734374999 0.5176416015625 0.8699599609375002 0.515373046875 0.874748046875 0.5136083984375 0.874748046875 0.1751513671875 0.8631552734374999 0.171119140625 0.8555947265625001 0.17036328125 0.852822265625 0.1685986328125 0.842490234375 0.1665830078125 0.797126953125 0.16355859375 0.7767138671875 0.1640625 0.7381552734375 0.1678427734375 0.73588671875 0.1688505859375 0.7222783203125 0.17036328125 0.711693359375 0.1738916015625 0.703125 0.1751513671875 0.681451171875 0.1829638671875 0.6683466796875 0.18901171875 0.665322265625 0.1885078125 0.65625 0.1925400390625 0.6439013671875 0.20186523437499998 0.6381884765625 0.20858496093749998 0.632056640625 0.2129541015625 0.6272685546875 0.2152216796875 0.618447265625 0.21749023437499998 0.615423828125 0.22051367187499998 0.6118955078125 0.2222783203125 0.60786328125 0.2227822265625 0.6050908203125 0.2265625 0.60206640625 0.22807421875 0.60005078125 0.22731835937499997 0.5985380859375 0.2288310546875 0.59223828125 0.2303427734375 0.587197265625 0.2333671875 0.58442578125 0.2318544921875 0.5836689453125 0.234375 0.5824091796875 0.23513085937499997 0.5713203125 0.23563476562500002 0.5657763671875 0.24143164062500003 0.56098828125 0.24344726562500002 0.5584677734375 0.2462197265625 0.55418359375 0.2540322265625 0.5478828125 0.2605849609375 0.5435986328125 0.272177734375 0.5415830078125 0.2860380859375 0.5435986328125 0.314263671875 0.546875 0.327873046875 0.5506552734375 0.3303935546875
11 0.1305439453125 0.11491894531249999 0.1338203125 0.12096777343750001 0.134576171875 0.12651171875 0.1416328125 0.14012109375 0.147681640625 0.148185546875 0.15675390625 0.1650703125 0.1668349609375 0.17918359375 0.172630859375 0.1819560546875 0.1786796875 0.1917841796875 0.1847275390625 0.1963203125 0.187751953125 0.20010058593749996 0.2119453125 0.21698632812500002 0.22479882812500002 0.2240419921875 0.2316025390625 0.2255546875 0.24042382812500002 0.2293349609375 0.2578125 0.23462695312499998 0.266380859375 0.23563476562500002 0.3006552734375 0.23462695312499998 0.3321572265625 0.22782226562500002 0.3525703125 0.2177421875 0.36769140625 0.2058974609375 0.375 0.1993447265625 0.3863408203125 0.1854833984375 0.392388671875 0.172630859375 0.3941533203125 0.162298828125 0.3941533203125 0.1474296875 0.38911328125 0.11970800781249999 0.390625 0.10735839843749999 0.3951611328125 0.0914814453125 0.3916328125 0.078880859375 0.389869140625 0.0572080078125 0.3876005859375 0.047630859375 0.3868447265625 0.0120966796875 0.3853330078125 0.0078125 0.3802919921875 0.0017636718750000003 0.3802919921875 0 0.125 0 0.125 0.0884580078125 0.126763671875 0.0920693359375 0.1305439453125 0.11491894531249999
4 0.3946572265625 0.0657763671875 0.3941533203125 0.0713203125 0.39793359375 0.0884580078125 0.4049902343749999 0.107611328125 0.405998046875 0.115423828125 0.4085185546875 0.12298339843749999 0.41557421874999995 0.1360888671875 0.4183466796875 0.1446572265625 0.4266630859375001 0.157005859375 0.4329638671875 0.1688505859375 0.44380078125000005 0.1827119140625 0.4543847656250001 0.1927919921875 0.477318359375 0.2099296875 0.48613867187499993 0.21421386718749996 0.4967236328125 0.21723828125 0.50630078125 0.2215224609375 0.522681640625 0.2255546875 0.5350302734375 0.22605859375 0.56098828125 0.22505078125 0.5652724609375 0.2227822265625 0.57182421875 0.2230341796875 0.58442578125 0.2210185546875 0.6005546875 0.2144658203125 0.6055947265625 0.2137099609375 0.609375 0.21068554687500002 0.6209677734375 0.20640136718749996 0.6368447265625 0.19581640625 0.6459169921875 0.1917841796875 0.6524697265625 0.1849794921875 0.6590224609375 0.181451171875 0.6680947265625 0.171623046875 0.68019140625 0.154486328125 0.689263671875 0.133064453125 0.6993447265625 0.1161796875 0.7071572265625 0.0849296875 0.709677734375 0.061240234375 0.710181640625 0.030998046875 0.7071572265625 0 0.39213671875 0 0.3896171875 0.008064453125 0.3896171875 0.0410791015625 0.3916328125 0.0556953125 0.3939013671875 0.0604833984375 0.3946572265625 0.0657763671875
4 0.3397177734375 0.4879033203125 0.3409775390625 0.4911796875 0.3409775390625 0.5050400390625 0.3472783203125 0.52192578125 0.35005078125 0.532509765625 0.35206640625 0.5362900390625 0.3560986328125 0.553427734375 0.3621474609375 0.57081640625 0.366935546875 0.5816533203125 0.373236328125 0.591986328125 0.374244140625 0.5970263671875 0.3785283203125 0.601310546875 0.384072265625 0.6123994140625 0.3886083984375 0.6161796875 0.389869140625 0.6199599609375 0.3944052734375 0.6270166015625 0.39692578125 0.6300400390625 0.40020117187499993 0.6302919921875 0.41229882812500007 0.6509580078125 0.4440527343749999 0.6864921875 0.46244921874999995 0.70362890625 0.4652216796875 0.709677734375 0.48261132812500007 0.7310986328125 0.49042382812500007 0.7381552734375 0.499244140625 0.74848828125 0.509396484375 0.757380859375 0.5345263671875 0.7867939453125 0.5430947265625 0.79536328125 0.545615234375 0.7993955078125 0.553931640625 0.8072080078124999 0.5970263671875 0.860634765625 0.6025703125 0.86567578125 0.618951171875 0.8883564453125 0.6227314453125 0.89112890625 0.6280244140625 0.89793359375 0.639365234375 0.9092744140625 0.6650703125 0.9296875 0.68800390625 0.938255859375 0.70161328125 0.9400205078124999 0.711189453125 0.9392636718750002 0.7225302734375 0.936240234375 0.7353828125 0.928931640625 0.7384072265625 0.9259072265625001 0.7401708984375 0.9191025390624998 0.74369921875 0.9170869140625 0.74848828125 0.9105341796875 0.756048828125 0.8941533203125 0.7613408203125 0.8787802734374999 0.76411328125 0.8654238281249998 0.7646171875 0.8387099609375002 0.75932421875 0.8069560546875 0.7537802734375 0.7860380859375 0.743951171875 0.7628525390625 0.7308466796875 0.7215224609375 0.7285791015625 0.710181640625 0.7215224609375 0.68800390625 0.7086689453125 0.6227314453125 0.6900205078125 0.5504033203125 0.680947265625 0.521673828125 0.6595263671875 0.4710185546875 0.631048828125 0.42464746093750005 0.61668359375 0.40902246093750005 0.608619140625 0.3964208984375 0.5826611328125 0.3692041015625 0.56098828125 0.349798828125 0.5506552734375 0.34375 0.5365419921875 0.3387099609375 0.53125 0.3339208984375 0.50630078125 0.3235888671875 0.49848828125000005 0.321068359375 0.4586689453125 0.3160283203125 0.44329589843750006 0.3172880859375 0.4231347656250001 0.3225810546875 0.413306640625 0.32661328125 0.39213671875 0.3387099609375 0.375251953125 0.3545869140625 0.3634072265625 0.3697080078125 0.3548388671875 0.383568359375 0.3457666015625 0.40120996093750005 0.3394658203125 0.4284277343749999 0.3384580078125 0.4387597656250001 0.3394658203125 0.4521171875 0.3389619140625 0.47505078125000005 0.3397177734375 0.4879033203125
4 0.1292841796875 0.759576171875 0.1297880859375 0.7666328125 0.1338203125 0.7870458984375 0.149697265625 0.8349296875000001 0.1610380859375 0.8558466796875 0.162802734375 0.8623994140625 0.1751513671875 0.8805439453125 0.1975810546875 0.9039814453125 0.2053935546875 0.9095263671874999 0.21396191406250004 0.9191025390624998 0.2265625 0.930443359375 0.23891113281250004 0.93800390625 0.2459677734375 0.9435488281249998 0.25730859375 0.946068359375 0.2779736328125 0.9599296875000001 0.2847783203125 0.9627011718750002 0.2930947265625 0.9639619140625 0.30418359375 0.9627011718750002 0.3102314453125 0.9634580078124999 0.319052734375 0.9662294921875001 0.33442578125 0.9669863281249998 0.3535791015625 0.9659775390624998 0.3795361328125 0.9591738281249998 0.3956650390625 0.9513613281249998 0.399697265625 0.9480849609375002 0.405998046875 0.945060546875 0.41683496093750005 0.9357363281249998 0.4387597656250001 0.9115419921875001 0.4465722656250001 0.8974296875000001 0.4569052734375 0.87449609375 0.46270117187499993 0.8563505859375 0.467994140625 0.8213203124999999 0.467994140625 0.7847783203125 0.46673339843750006 0.7666328125 0.4619453125 0.748236328125 0.4584169921875 0.740927734375 0.4579130859375001 0.7373994140625 0.4508564453125 0.724798828125 0.4501005859375001 0.720009765625 0.44581640624999996 0.7137099609375 0.437751953125 0.6943046875 0.4319560546875 0.68598828125 0.4309472656250001 0.6822080078125 0.4286796875 0.6786796875 0.4251513671875 0.6764111328125 0.4075097656250001 0.655998046875 0.40045410156249994 0.6456650390625 0.398185546875 0.6439013671875 0.3916328125 0.63230859375 0.3858369140625 0.6280244140625 0.36869921875 0.61769140625 0.359626953125 0.6141630859375 0.3543349609375 0.6103828125 0.326865234375 0.6005546875 0.3165322265625 0.5980341796875 0.2857861328125 0.5947578125 0.265625 0.5947578125 0.2510078125 0.5980341796875 0.2323583984375 0.599798828125 0.2255546875 0.6015625 0.20967773437499998 0.608115234375 0.1756552734375 0.62651171875 0.1685986328125 0.63230859375 0.1612900390625 0.640625 0.1537294921875 0.646673828125 0.148185546875 0.654990234375 0.142388671875 0.6615419921875 0.1328125 0.6819560546875 0.1292841796875 0.709677734375 0.1290322265625 0.717490234375 0.1300400390625 0.720009765625 0.1302919921875 0.727318359375 0.1292841796875 0.759576171875
13 0.125 0.523185546875 0.1464208984375 0.5415830078125 0.162802734375 0.5496474609375 0.1824599609375 0.554939453125 0.194052734375 0.5556953125 0.2147177734375 0.55418359375 0.22530273437499998 0.5509072265625 0.2444560546875 0.5420869140625 0.2605849609375 0.5284775390625 0.26713671875 0.5204130859375 0.271673828125 0.51713671875 0.2767138671875 0.5098291015625 0.2822578125 0.5055439453125 0.2850302734375 0.501763671875 0.2920869140625 0.491431640625 0.298134765625 0.47479882812500007 0.3016630859375 0.47051367187499993 0.30619921875 0.452873046875 0.3072080078125 0.437248046875 0.3104833984375 0.4183466796875 0.311240234375 0.39894140625 0.3125 0.390876953125 0.31199609375 0.3704638671875 0.3072080078125 0.3407255859375 0.3011591796875 0.320564453125 0.2943544921875 0.305443359375 0.29057421875 0.2991435546875 0.2870458984375 0.29536328125 0.280494140625 0.2792333984375 0.2706650390625 0.265373046875 0.266380859375 0.2608369140625 0.2615927734375 0.24874023437499998 0.2568046875 0.2449599609375 0.256048828125 0.2411796875 0.2522685546875 0.2379033203125 0.22731835937499997 0.2285791015625 0.20463671875 0.2167333984375 0.2006044921875 0.21421386718749996 0.1973291015625 0.2099296875 0.188759765625 0.2058974609375 0.1766630859375 0.194556640625 0.171875 0.1915322265625 0.17036328125 0.1885078125 0.1673388671875 0.187751953125 0.165322265625 0.1819560546875 0.154990234375 0.1776708984375 0.1522177734375 0.1774189453125 0.14793359375 0.1817041015625 0.1444052734375 0.1827119140625 0.134072265625 0.193548828125 0.132056640625 0.20010058593749996 0.1280244140625 0.2051416015625 0.125 0.2069052734375 0.125 0.523185546875
13 0.34223828125 0.3946572265625 0.3447578125 0.3961689453125 0.3477822265625 0.3941533203125 0.3535791015625 0.382560546875 0.3631552734375 0.3671875 0.375 0.3525703125 0.390625 0.3382060546875 0.4027216796875 0.3303935546875 0.42338671874999995 0.320564453125 0.4453125 0.3155244140625 0.4596777343749999 0.3145166015625 0.47832617187499993 0.3157763671875 0.501763671875 0.319556640625 0.514365234375 0.3238408203125 0.5350302734375 0.3334169921875 0.537298828125 0.3319052734375 0.53855859375 0.32661328125 0.537802734375 0.3170361328125 0.5360380859375 0.310736328125 0.5350302734375 0.2865419921875 0.5370458984375 0.2613408203125 0.5355341796875 0.2547880859375 0.532509765625 0.24823632812500002 0.509072265625 0.22505078125 0.500251953125 0.2212705078125 0.4909277343749999 0.21900195312499998 0.4818544921875 0.21421386718749996 0.47152246093750005 0.2081650390625 0.45136132812500007 0.1932958984375 0.43598828125000005 0.1842236328125 0.4185986328125 0.1796875 0.4017138671875 0.17918359375 0.3944052734375 0.1817041015625 0.3868447265625 0.1943046875 0.3699599609375 0.2109375 0.352822265625 0.22353808593749996 0.3334169921875 0.23387109375 0.328125 0.2421875 0.3238408203125 0.2547880859375 0.3213203125 0.2691533203125 0.31880078125 0.2759580078125 0.3177919921875 0.2900703125 0.3180439453125 0.3182958984375 0.3240927734375 0.352318359375 0.3339208984375 0.3797880859375 0.34223828125 0.3946572265625
11 0.35105859375 0.5340224609375 0.352822265625 0.5433466796875 0.361138671875 0.5672880859375 0.3613916015625 0.5713203125 0.3709677734375 0.5882060546875 0.37449609375 0.5987900390625 0.3944052734375 0.6280244140625 0.39692578125 0.6302919921875 0.39994921875 0.6300400390625 0.40473828125000005 0.6370966796875 0.4075097656250001 0.6444052734375 0.4271669921875 0.6680947265625 0.4465722656250001 0.688759765625 0.4508564453125 0.6915322265625 0.4576611328125 0.6983369140625 0.48639160156249994 0.7353828125 0.5234375 0.77293359375 0.5347783203125 0.7870458984375 0.554435546875 0.8082158203125 0.5614921875 0.8175400390624998 0.5693046875 0.8251005859375 0.587197265625 0.8485380859375 0.6050908203125 0.8694560546875 0.617943359375 0.8868447265625001 0.63911328125 0.9092744140625 0.6660791015625 0.93019140625 0.686240234375 0.93800390625 0.70161328125 0.9402724609375002 0.7119453125 0.9395166015625002 0.7222783203125 0.936240234375 0.7353828125 0.92918359375 0.7381552734375 0.9266630859375 0.740927734375 0.9198583984374998 0.74949609375 0.9090224609375002 0.7600810546875 0.8848291015625002 0.7623486328125 0.8767636718750002 0.76411328125 0.8649189453125 0.7646171875 0.8377011718750002 0.7578125 0.8004033203125 0.7540322265625 0.7867939453125 0.741935546875 0.758064453125 0.71925390625 0.6759072265625 0.7061494140625 0.6129033203125 0.6900205078125 0.5501513671875 0.680947265625 0.5214208984375 0.6663310546875 0.485130859375 0.65675390625 0.46597753906249995 0.6307958984375 0.42464746093750005 0.61668359375 0.40902246093750005 0.6113916015625 0.39994921875 0.5801416015625 0.366935546875 0.5614921875 0.350302734375 0.5501513671875 0.34375 0.5420869140625 0.3412294921875 0.53175390625 0.3339208984375 0.51612890625 0.326865234375 0.4977314453125 0.32081640625 0.4621972656250001 0.3157763671875 0.44354882812500007 0.3170361328125 0.422126953125 0.3225810546875 0.4075097656250001 0.3291328125 0.39213671875 0.3384580078125 0.3802919921875 0.350806640625 0.3739921875 0.3555947265625 0.3618955078125 0.3717236328125 0.3460185546875 0.40045410156249994 0.3394658203125 0.4286796875 0.3384580078125 0.4385078125 0.3387099609375 0.47479882812500007 0.3404736328125 0.5052919921875 0.35105859375 0.5340224609375
4 0.54737890625 0.328125 0.5514111328125 0.3303935546875 0.5577119140625 0.3384580078125 0.561240234375 0.3409775390625 0.562751953125 0.345513671875 0.56880078125 0.3495458984375 0.5740927734375 0.3573583984375 0.576865234375 0.359626953125 0.57862890625 0.359123046875 0.5801416015625 0.3626513671875 0.5869453125 0.3697080078125 0.5897177734375 0.3712197265625 0.6038310546875 0.3850810546875 0.626763671875 0.414314453125 0.6307958984375 0.4173388671875 0.6350810546875 0.4231347656250001 0.6368447265625 0.42767089843750006 0.640625 0.4296875 0.6451611328125 0.4339716796875 0.6494453125 0.4400205078125 0.6650703125 0.44707617187499993 0.67036328125 0.453125 0.6756552734375 0.4566533203125 0.6895166015625 0.46244921874999995 0.7162294921875 0.4798388671875 0.7217744140625 0.484375 0.7457158203125 0.49395117187499993 0.7537802734375 0.4987402343749999 0.7689013671875 0.5030244140625 0.7850302734375 0.509576171875 0.8084677734374999 0.51512109375 0.8475302734374999 0.5176416015625 0.8689511718750002 0.515625 0.874748046875 0.513861328125 0.874748046875 0.1774189453125 0.8729833984374998 0.1748994140625 0.8634072265625001 0.171119140625 0.842490234375 0.1665830078125 0.8056953124999999 0.164818359375 0.796875 0.16355859375 0.7769658203125 0.1640625 0.74848828125 0.1665830078125 0.7235380859375 0.17036328125 0.712197265625 0.1738916015625 0.703880859375 0.1748994140625 0.657005859375 0.1920361328125 0.649697265625 0.1963203125 0.641884765625 0.20362890625 0.6386083984375 0.2081650390625 0.634072265625 0.21043359375 0.631552734375 0.2129541015625 0.6214716796875 0.2159775390625 0.617439453125 0.21799414062500003 0.6129033203125 0.22202636718749996 0.610634765625 0.2212705078125 0.608115234375 0.2222783203125 0.6055947265625 0.2265625 0.60307421875 0.22832617187499998 0.60005078125 0.22731835937499997 0.5975302734375 0.22958691406250004 0.5947578125 0.22958691406250004 0.59223828125 0.2316025390625 0.5879541015625 0.23261132812500002 0.58442578125 0.2308466796875 0.5831650390625 0.23387109375 0.5713203125 0.23563476562500002 0.5655244140625 0.24143164062500003 0.561240234375 0.2431953125 0.5584677734375 0.2459677734375 0.553931640625 0.2537802734375 0.547630859375 0.2605849609375 0.5433466796875 0.272177734375 0.5410791015625 0.2862900390625 0.5420869140625 0.3004033203125 0.5433466796875 0.314263671875 0.54737890625 0.328125
11 0.1297880859375 0.7666328125 0.134072265625 0.7890625 0.149697265625 0.8349296875000001 0.158013671875 0.8492939453125 0.162802734375 0.8626513671874999 0.173134765625 0.8782763671874999 0.1975810546875 0.9044863281249998 0.20766113281250004 0.9117939453125 0.21849804687500002 0.9236386718750002 0.2275703125 0.9314511718750002 0.2379033203125 0.9375 0.24546386718749996 0.9432958984374998 0.25730859375 0.946068359375 0.282509765625 0.9619453124999999 0.2946064453125 0.9639619140625 0.3069560546875 0.9632060546875 0.321068359375 0.9664814453125 0.33442578125 0.96723828125 0.35105859375 0.9664814453125 0.3573583984375 0.9652216796875 0.3651708984375 0.9619453124999999 0.3795361328125 0.9591738281249998 0.3956650390625 0.9513613281249998 0.399697265625 0.9480849609375002 0.407005859375 0.944556640625 0.41683496093750005 0.9357363281249998 0.43901171874999995 0.9110380859375 0.44480859375000004 0.9012099609375002 0.4569052734375 0.87449609375 0.46370996093750005 0.85105859375 0.4674902343749999 0.828125 0.46824609375000004 0.8150205078124999 0.467994140625 0.7852822265625 0.4664814453125 0.765625 0.45816503906249995 0.7379033203125 0.4543847656250001 0.7303427734375 0.45110839843750006 0.726310546875 0.45035253906249995 0.72026171875 0.44682421874999995 0.7152216796875 0.43800390624999996 0.693548828125 0.43119921874999995 0.6819560546875 0.4072578125 0.65574609375 0.390373046875 0.63130078125 0.3681953125 0.61769140625 0.359375 0.6141630859375 0.3553427734375 0.611138671875 0.3397177734375 0.6063505859375 0.3271171875 0.600806640625 0.312248046875 0.5975302734375 0.2920869140625 0.5962705078125 0.2847783203125 0.5947578125 0.26411328125 0.595009765625 0.2459677734375 0.5987900390625 0.2290830078125 0.600806640625 0.2164814453125 0.6050908203125 0.20161328125 0.6123994140625 0.1998486328125 0.6141630859375 0.18699609375 0.6197080078125 0.1756552734375 0.626763671875 0.1680947265625 0.6328125 0.1582666015625 0.6433974609375 0.1532255859375 0.6474296875 0.1416328125 0.662802734375 0.1328125 0.6819560546875 0.131048828125 0.6922880859375 0.1287802734375 0.7167333984375 0.1300400390625 0.7316025390625 0.1290322265625 0.7442041015625 0.1297880859375 0.7666328125