13 0.600806640625 0.8107363281249998 0.6113916015625 0.8193046875000001 0.6370966796875 0.835181640625 0.657005859375 0.8392138671874999 0.678427734375 0.8397177734374999 0.696572265625 0.8334169921875001 0.7066533203125 0.828125 0.71875 0.81980859375 0.73487890625 0.80619921875 0.74848828125 0.7923388671875 0.7603330078125 0.7847783203125 0.7699091796875 0.7767138671875 0.773689453125 0.7724296875 0.7754541015625 0.7686494140625 0.7764619140625 0.7542841796875 0.773689453125 0.7447080078125 0.7676416015625 0.7379033203125 0.759072265625 0.7310986328125 0.72706640625 0.7217744140625 0.7129541015625 0.712701171875 0.6915322265625 0.702369140625 0.6842236328125 0.701361328125 0.678931640625 0.6993447265625 0.6675908203125 0.6983369140625 0.6494453125 0.7008564453125 0.64793359375 0.701865234375 0.6444052734375 0.7011083984375 0.631552734375 0.7051416015625 0.6146669921875 0.7167333984375 0.5992939453125 0.7333671875 0.5897177734375 0.751259765625 0.5879541015625 0.758568359375 0.587701171875 0.7764619140625 0.5887099609375 0.7860380859375 0.595513671875 0.8036796875000001 0.600806640625 0.8107363281249998
13 0.61875 0.46875 0.00625 0.0125
13 0.5808974609375 0.4798388671875 0.5819052734375 0.4881552734375 0.5889619140625 0.5 0.5897177734375 0.500755859375 0.594001953125 0.500251953125 0.6043349609375 0.5045361328125 0.61567578125 0.507560546875 0.62550390625 0.5078125 0.639365234375 0.506048828125 0.6539814453125 0.500755859375 0.6615419921875 0.4954638671875 0.67036328125 0.49168359375000004 0.6764111328125 0.48588671874999995 0.6842236328125 0.4740419921875 0.6895166015625 0.4599296875 0.6902724609375 0.453880859375 0.6895166015625 0.43926367187499993 0.6864921875 0.43170410156249994 0.681451171875 0.42363867187499993 0.670111328125 0.4115419921875 0.6630546875 0.4072578125 0.655494140625 0.40347753906249995 0.63911328125 0.398689453125 0.6319306640625 0.399193359375 0.6260078125 0.3984375 0.6058466796875 0.4032255859375001 0.5743447265625 0.41607910156249994 0.5625 0.4251513671875 0.5582158203125 0.43598828125000005 0.5592236328125 0.446068359375 0.571068359375 0.45917382812500007 0.577369140625 0.46875 0.5808974609375 0.4798388671875
4 0.71723828125 0.65625 0.7298388671875 0.6590224609375 0.7431953125 0.658013671875 0.7510078125 0.65625 0.7769658203125 0.6441533203125 0.8029238281249998 0.6290322265625 0.8142636718750002 0.624244140625 0.828376953125 0.6149189453125 0.8369453124999999 0.6126513671875 0.844505859375 0.609375 0.8654238281249998 0.5985380859375 0.86769140625 0.595009765625 0.874748046875 0.5909775390625 0.874748046875 0.4642138671875 0.867943359375 0.4596777343749999 0.86088671875 0.4576611328125 0.8472783203125 0.4586689453125 0.8324091796875 0.46244921874999995 0.8213203124999999 0.4662294921875 0.8001513671874999 0.4800908203125 0.78755078125 0.4909277343749999 0.7769658203125 0.5032763671875 0.765876953125 0.52293359375 0.7633564453125 0.5292333984375 0.7552919921875 0.5650205078125 0.740927734375 0.5899697265625 0.736138671875 0.59375 0.725302734375 0.6068544921875 0.716986328125 0.6146669921875 0.71144140625 0.618447265625 0.7064013671875 0.6368447265625 0.7051416015625 0.6439013671875 0.7064013671875 0.6474296875 0.709677734375 0.6522177734375 0.71723828125 0.65625
13 0.2862900390625 0.804939453125 0.2928427734375 0.81098828125 0.31880078125 0.8263613281249998 0.3256044921875 0.8291328124999999 0.3397177734375 0.8334169921875001 0.359123046875 0.83644140625 0.366431640625 0.8369453124999999 0.3787802734375 0.8349296875000001 0.40423339843750006 0.8253525390624998 0.41683496093750005 0.81880078125 0.4306953125 0.8067041015625002 0.43598828125000005 0.8001513671874999 0.4415322265625 0.7890625 0.444556640625 0.7769658203125 0.444556640625 0.765625 0.4410283203125 0.7520166015625 0.4364921875 0.743951171875 0.43019140624999996 0.7368955078125 0.42036328125000005 0.7300908203125 0.3994453125 0.718498046875 0.3865927734375 0.7132060546875 0.368447265625 0.7089208984375 0.3462705078125 0.7076611328125 0.3407255859375 0.7089208984375 0.3256044921875 0.709173828125 0.2832666015625 0.7225302734375 0.2646171875 0.73286328125 0.258568359375 0.7442041015625 0.2568046875 0.7550400390625 0.256552734375 0.75932421875 0.2578125 0.7646171875 0.2678935546875 0.78276171875 0.2862900390625 0.804939453125
13 0.1444052734375 0.6348291015625 0.154990234375 0.6355849609375 0.1822080078125 0.6224794921875 0.20136132812500002 0.61769140625 0.2071572265625 0.616935546875 0.21219726562500002 0.6181953125 0.21421386718749996 0.6134072265625 0.22000976562500002 0.6123994140625 0.2212705078125 0.611138671875 0.2227822265625 0.6053427734375 0.21900195312499998 0.5907255859375 0.21950585937499997 0.584173828125 0.2210185546875 0.5801416015625 0.2225302734375 0.5791328125 0.2225302734375 0.576865234375 0.22000976562500002 0.5753525390625 0.21900195312499998 0.570564453125 0.21396191406250004 0.570060546875 0.20917382812500002 0.5680439453125 0.1988408203125 0.5602314453125 0.193548828125 0.5546875 0.188255859375 0.5458671875 0.1852314453125 0.53855859375 0.1822080078125 0.5211689453125 0.180947265625 0.5186494140625 0.1698583984375 0.5178935546875 0.1630546875 0.515876953125 0.1517138671875 0.515373046875 0.1368447265625 0.516884765625 0.1282763671875 0.5201611328125 0.125 0.52192578125 0.125 0.6280244140625 0.141884765625 0.6328125 0.1444052734375 0.6348291015625
11 0.358619140625 0.3636591796875 0.35987890625 0.3671875 0.36567578125 0.373236328125 0.3878525390625 0.3855849609375 0.388861328125 0.3878525390625 0.3865927734375 0.3916328125 0.3865927734375 0.3951611328125 0.3964208984375 0.3870966796875 0.4017138671875 0.3881044921875 0.41255078125000005 0.3870966796875 0.4254033203125 0.38130078125 0.4427919921875 0.368951171875 0.4647177734375 0.3558466796875 0.476310546875 0.3535791015625 0.4881552734375 0.3548388671875 0.491431640625 0.353326171875 0.5032763671875 0.34324609375 0.5120966796875 0.3339208984375 0.5166328125 0.3238408203125 0.5176416015625 0.305947265625 0.515876953125 0.29838671875 0.5120966796875 0.2913310546875 0.5045361328125 0.2857861328125 0.49848828125000005 0.2832666015625 0.4642138671875 0.2769658203125 0.4541328125 0.274193359375 0.4397685546875 0.272681640625 0.4150703125 0.273185546875 0.4024697265625 0.27494921875 0.3886083984375 0.279486328125 0.3853330078125 0.28125 0.3782763671875 0.288810546875 0.3717236328125 0.2913310546875 0.3616435546875 0.297630859375 0.351310546875 0.31199609375 0.3475302734375 0.321068359375 0.3477822265625 0.341986328125 0.3505546875 0.352318359375 0.3553427734375 0.3603828125 0.358619140625 0.3636591796875
11 0.756048828125 0.3462705078125 0.7676416015625 0.3568544921875 0.7772177734375 0.359626953125 0.787802734375 0.359375 0.7978828125 0.3553427734375 0.8036796875000001 0.3540830078125 0.8162802734374999 0.3485380859375 0.8233369140625 0.34324609375 0.8475302734374999 0.3145166015625 0.8515625 0.30418359375 0.858115234375 0.2941025390625 0.8646669921875001 0.2792333984375 0.874748046875 0.26512109375 0.874748046875 0.2222783203125 0.8636591796875 0.2210185546875 0.8525703124999999 0.2240419921875 0.84223828125 0.2290830078125 0.8321572265625001 0.23135058593749996 0.805443359375 0.24168359375 0.8006552734374999 0.24369921875 0.787802734375 0.2520166015625 0.7850302734375 0.2522685546875 0.7691533203125 0.2646171875 0.75630078125 0.2787294921875 0.7477314453125 0.2930947265625 0.7447080078125 0.3056953125 0.7447080078125 0.3245966796875 0.7477314453125 0.3329130859375 0.750251953125 0.3384580078125 0.756048828125 0.3462705078125
11 0.391380859375 0.12550390625 0.4022177734375 0.12550390625 0.40902246093750005 0.126763671875 0.4256552734375 0.13432421875 0.438255859375 0.1461689453125 0.44581640624999996 0.15625 0.4490927734375 0.1630546875 0.4518652343749999 0.1650703125 0.4569052734375 0.16355859375 0.4778222656250001 0.1524697265625 0.48387109375000004 0.1378525390625 0.4853828125 0.1318046875 0.4873994140624999 0.1280244140625 0.49017089843750006 0.12550390625 0.4957158203125 0.12247949218750001 0.5040322265625 0.123236328125 0.506552734375 0.12096777343750001 0.506048828125 0.116431640625 0.5027724609375 0.110634765625 0.48588671874999995 0.10105859375 0.46673339843750006 0.07862890625 0.45816503906249995 0.070060546875 0.4463203125 0.063255859375 0.4329638671875 0.0604833984375 0.4228828125 0.0604833984375 0.41456640624999996 0.06300390625 0.4022177734375 0.0693046875 0.3939013671875 0.078125 0.3873486328125 0.0884580078125 0.3883564453125 0.09223828125 0.3873486328125 0.102822265625 0.391380859375 0.12550390625
4 0.36763671875 0.24920996093749997 0.3716689453125 0.2630712890625 0.3797333984375 0.2728994140625 0.382001953125 0.277435546875 0.3845224609375 0.278443359375 0.387798828125 0.275419921875 0.4066992187499999 0.270126953125 0.4089677734375 0.2668505859375 0.41552050781250005 0.238625 0.419552734375 0.228796875 0.4261044921875 0.22073242187500003 0.43139746093750003 0.21846386718749997 0.44425 0.21594335937500003 0.4457617187499999 0.2141796875 0.44903808593749994 0.20510742187500003 0.451810546875 0.1935146484375 0.451810546875 0.1718408203125 0.44903808593749994 0.1617607421875 0.44374609375 0.150923828125 0.4354296875 0.1400869140625 0.42686132812499994 0.1325263671875 0.4104794921875 0.1247138671875 0.3923349609375 0.1226982421875 0.391326171875 0.12395800781250002 0.3792294921875 0.129501953125 0.3719208984375 0.13454296875 0.3608330078125 0.1461357421875 0.3573046875 0.152435546875 0.3537763671875 0.1620126953125 0.35100390625 0.1781416015625 0.350248046875 0.189986328125 0.3545322265625 0.2088876953125 0.3610849609375 0.2348447265625 0.36763671875 0.24920996093749997
11 0.4564013671875 0.27293359375 0.45917382812500007 0.274697265625 0.4700097656250001 0.2777216796875 0.49823632812500007 0.28276171875 0.5088203125 0.2880546875 0.5133564453125 0.2925908203125 0.516884765625 0.2998994140625 0.5178935546875 0.304939453125 0.517388671875 0.3223291015625 0.51612890625 0.3316533203125 0.52293359375 0.3321572265625 0.5342744140625 0.3301416015625 0.5458671875 0.3306455078125 0.563255859375 0.3369453125 0.5738408203125 0.345009765625 0.57762109375 0.34425390625 0.5839208984375 0.3397177734375 0.58744921875 0.33543359375 0.592994140625 0.3223291015625 0.594001953125 0.3175400390625 0.59324609375 0.3077119140625 0.5897177734375 0.296875 0.5889619140625 0.2913310546875 0.5821572265625 0.279486328125 0.57182421875 0.2646171875 0.560736328125 0.2535283203125 0.5506552734375 0.2459677734375 0.5400703125 0.24042382812500002 0.5350302734375 0.23916308593749996 0.524697265625 0.234375 0.4989921875 0.22807421875 0.4647177734375 0.2159775390625 0.4609375 0.2164814453125 0.453880859375 0.22000976562500002 0.44808496093750005 0.2237900390625 0.4410283203125 0.23109863281250004 0.43901171874999995 0.234375 0.44027246093750005 0.23613867187499998 0.4440527343749999 0.251763671875 0.4564013671875 0.27293359375
11 0.4803427734375 0.20488867187499998 0.4800908203125 0.2069052734375 0.483619140625 0.2132060546875 0.48286328125000005 0.21698632812500002 0.48487890624999996 0.2212705078125 0.49168359375000004 0.22353808593749996 0.4959677734375 0.22631054687500002 0.513861328125 0.2300908203125 0.540322265625 0.2394150390625 0.548638671875 0.24395117187499998 0.5657763671875 0.256048828125 0.568548828125 0.2550400390625 0.5771171875 0.2442041015625 0.5803935546875 0.2363916015625 0.5824091796875 0.2227822265625 0.5824091796875 0.20917382812500002 0.5808974609375 0.1978330078125 0.57762109375 0.188759765625 0.5703125 0.178427734375 0.56880078125 0.1746474609375 0.5604833984375 0.1640625 0.5574599609375 0.162802734375 0.553427734375 0.157509765625 0.53755078125 0.146673828125 0.51713671875 0.1292841796875 0.5098291015625 0.124748046875 0.501763671875 0.123740234375 0.4934472656250001 0.124244140625 0.49042382812500007 0.1260078125 0.4876513671875 0.1297880859375 0.4810986328125 0.147177734375 0.47933496093750005 0.157509765625 0.4800908203125 0.176984375 0.4790830078125 0.19380078125 0.48160253906249995 0.20388085937499997 0.4803427734375 0.20488867187499998
11 0.3699599609375 0.4911796875 0.3863408203125 0.508064453125 0.39692578125 0.5115927734375 0.41557421874999995 0.514869140625 0.4284277343749999 0.5123486328125 0.4407763671875 0.50730859375 0.4463203125 0.5037802734375 0.45161328125000005 0.5037802734375 0.4586689453125 0.49798339843750006 0.460685546875 0.4944560546875 0.4647177734375 0.4909277343749999 0.46824609375000004 0.485130859375 0.47454589843750006 0.46925390624999996 0.48160253906249995 0.4564013671875 0.4967236328125 0.40776171874999995 0.4974794921875 0.4007060546875 0.499244140625 0.3974296875 0.4987402343749999 0.383568359375 0.492439453125 0.3626513671875 0.4896669921875 0.35786328125 0.484626953125 0.3545869140625 0.4818544921875 0.3540830078125 0.4775703125 0.3538310546875 0.46723828125000005 0.3558466796875 0.4564013671875 0.3618955078125 0.422126953125 0.38432421875 0.4100302734375 0.38911328125 0.3853330078125 0.405998046875 0.3790322265625 0.41129003906249995 0.3780244140625 0.4140625 0.37449609375 0.4165830078125 0.368951171875 0.4248994140624999 0.3621474609375 0.43951660156249994 0.359375 0.4543847656250001 0.359626953125 0.46723828125000005 0.3618955078125 0.47706640624999996 0.3661796875 0.48235839843750006 0.3699599609375 0.4911796875
4 0.4909277343749999 0.54057421875 0.4959677734375 0.5443544921875 0.501259765625 0.546875 0.5105849609375 0.54838671875 0.523689453125 0.5496474609375 0.533013671875 0.5491435546875 0.561744140625 0.539314453125 0.57081640625 0.533013671875 0.5733369140625 0.5234375 0.578880859375 0.5126005859375 0.5811494140625 0.5027724609375 0.5811494140625 0.4881552734375 0.5801416015625 0.4810986328125 0.578125 0.4730341796875 0.571068359375 0.46043359375000004 0.5602314453125 0.4490927734375 0.55317578125 0.444556640625 0.548638671875 0.4422880859375001 0.5352822265625 0.43926367187499993 0.5176416015625 0.43901171874999995 0.5131044921875 0.4407763671875 0.506552734375 0.44581640624999996 0.5037802734375 0.445060546875 0.4987402343749999 0.4463203125 0.4879033203125 0.45262109375000004 0.48714746093750005 0.4543847656250001 0.48387109375000004 0.4566533203125 0.4798388671875 0.4649697265625 0.477318359375 0.46698632812500007 0.476814453125 0.47026171874999995 0.4753027343749999 0.47152246093750005 0.47152246093750005 0.4805947265625 0.4697578125 0.4889111328125 0.469001953125 0.5027724609375 0.47051367187499993 0.5120966796875 0.47933496093750005 0.5287294921875 0.4909277343749999 0.54057421875
11 0.2867939453125 0.46370996093750005 0.298134765625 0.4730341796875 0.3099794921875 0.4788310546875 0.3256044921875 0.4813505859375001 0.3477822265625 0.47933496093750005 0.352822265625 0.47807421874999995 0.3555947265625 0.476814453125 0.358115234375 0.4732861328125 0.3583671875 0.453125 0.3613916015625 0.43926367187499993 0.365423828125 0.429435546875 0.3760078125 0.41229882812500007 0.3787802734375 0.4117939453125 0.3800400390625 0.4022177734375 0.384072265625 0.3984375 0.3853330078125 0.3951611328125 0.389869140625 0.390373046875 0.3853330078125 0.388861328125 0.3631552734375 0.3722275390625 0.3573583984375 0.365423828125 0.35307421875 0.3571064453125 0.35005078125 0.3538310546875 0.335685546875 0.3644150390625 0.3180439453125 0.3717236328125 0.3170361328125 0.3729833984375 0.295615234375 0.383568359375 0.282005859375 0.4019658203125 0.2757060546875 0.41557421874999995 0.27394140625 0.4243955078125 0.274193359375 0.43951660156249994 0.2772177734375 0.4478330078125 0.282005859375 0.4574091796875 0.2867939453125 0.46370996093750005
13 0.2769658203125 0.31980859375 0.298638671875 0.3329130859375 0.345009765625 0.35307421875 0.3462705078125 0.352318359375 0.3477822265625 0.3490419921875 0.345513671875 0.3460185546875 0.3470263671875 0.34223828125 0.3465224609375 0.3258564453125 0.3475302734375 0.3182958984375 0.3515625 0.3089716796875 0.3616435546875 0.296623046875 0.3636591796875 0.2923388671875 0.358115234375 0.2789814453125 0.3505546875 0.2678935546875 0.34223828125 0.258568359375 0.3326611328125 0.25 0.32661328125 0.2457158203125 0.3157763671875 0.2401708984375 0.30317578125 0.23613867187499998 0.2852822265625 0.23387109375 0.27192578125 0.23563476562500002 0.265625 0.23916308593749996 0.2600810546875 0.2449599609375 0.2598291015625 0.256048828125 0.2542841796875 0.27293359375 0.2547880859375 0.2867939453125 0.2610888671875 0.3024189453125 0.2666328125 0.3099794921875 0.2769658203125 0.31980859375
13 0.250251953125 0.1161796875 0.2522685546875 0.118951171875 0.25630078125 0.1307958984375 0.2610888671875 0.1378525390625 0.2694052734375 0.1459169921875 0.2711689453125 0.1464208984375 0.282005859375 0.1454130859375 0.2850302734375 0.1439013671875 0.288810546875 0.1436494140625 0.296119140625 0.1439013671875 0.305947265625 0.147177734375 0.3114921875 0.147681640625 0.313759765625 0.1431455078125 0.3172880859375 0.140373046875 0.31980859375 0.1363408203125 0.3235888671875 0.10635058593749999 0.3223291015625 0.0917333984375 0.314263671875 0.0816533203125 0.3006552734375 0.071068359375 0.2928427734375 0.0670361328125 0.2855341796875 0.064263671875 0.2762099609375 0.063759765625 0.2689013671875 0.06401171875 0.2598291015625 0.068548828125 0.2525205078125 0.0748486328125 0.25050390625 0.078376953125 0.2474794921875 0.0879541015625 0.2474794921875 0.0972783203125 0.24949609375 0.10660253906250002 0.250251953125 0.1161796875
11 0.4974794921875 0.10609863281250001 0.5035283203125 0.11088671875 0.5088203125 0.12247949218750001 0.5176416015625 0.1287802734375 0.5362900390625 0.1446572265625 0.5519150390625 0.1552421875 0.553427734375 0.157509765625 0.556451171875 0.156501953125 0.5602314453125 0.1524697265625 0.5602314453125 0.1318046875 0.5574599609375 0.109123046875 0.554435546875 0.0987900390625 0.5509072265625 0.0909775390625 0.5458671875 0.0829130859375 0.539818359375 0.076361328125 0.5292333984375 0.07081640625 0.5201611328125 0.068548828125 0.514869140625 0.0675400390625 0.506048828125 0.0682958984375 0.50151171875 0.0703125 0.491935546875 0.077873046875 0.484375 0.092490234375 0.483619140625 0.0957666015625 0.4853828125 0.10005078125 0.4881552734375 0.102318359375 0.4974794921875 0.10609863281250001
11 0.2618447265625 0.22832617187499998 0.26411328125 0.2308466796875 0.2694052734375 0.23361914062500003 0.297126953125 0.2333671875 0.305443359375 0.2353828125 0.319556640625 0.2411796875 0.3251005859375 0.2421875 0.329384765625 0.24067578125 0.337701171875 0.23311523437499998 0.3457666015625 0.22026171875 0.3485380859375 0.21068554687500002 0.3482861328125 0.19581640625 0.3470263671875 0.18901171875 0.34223828125 0.1769150390625 0.334677734375 0.16557421875 0.32963671875 0.1605341796875 0.313759765625 0.1512099609375 0.3056953125 0.148689453125 0.2890625 0.148689453125 0.279990234375 0.147177734375 0.266884765625 0.150201171875 0.259072265625 0.154486328125 0.2540322265625 0.1607861328125 0.2477314453125 0.17338671875 0.2459677734375 0.1827119140625 0.2457158203125 0.1925400390625 0.24949609375 0.20791308593749996 0.2540322265625 0.2132060546875 0.2618447265625 0.22832617187499998
11 0.6696064453125 0.3939013671875 0.6670869140625 0.40448632812500007 0.6673388671875 0.40776171874999995 0.671875 0.4107861328125 0.6847275390625 0.4261591796875 0.6910283203125 0.43901171874999995 0.69380078125 0.44707617187499993 0.697076171875 0.4400205078125 0.7066533203125 0.4256552734375 0.7066533203125 0.4206152343749999 0.7086689453125 0.4097783203125 0.710181640625 0.40448632812500007 0.71244921875 0.4009580078125 0.7225302734375 0.3928935546875 0.7298388671875 0.39112890625 0.74067578125 0.3933974609375 0.7444560546875 0.3931455078125 0.7472275390625 0.3951611328125 0.74848828125 0.398185546875 0.7522685546875 0.398689453125 0.7620966796875 0.3838203125 0.7633564453125 0.374748046875 0.76713671875 0.36668359375 0.7631044921875 0.3555947265625 0.7557958984375 0.3482861328125 0.75 0.3404736328125 0.743447265625 0.3261083984375 0.73387109375 0.322076171875 0.7197578125 0.320060546875 0.712197265625 0.319556640625 0.70262109375 0.32182421875 0.6885078125 0.3301416015625 0.679435546875 0.3384580078125 0.67817578125 0.3414814453125 0.67237890625 0.3477822265625 0.6693544921875 0.3525703125 0.6673388671875 0.3583671875 0.6673388671875 0.3634072265625 0.670615234375 0.37651171875 0.6708671875 0.381048828125 0.6696064453125 0.3939013671875
11 0.7066533203125 0.530494140625 0.71244921875 0.5365419921875 0.7147177734375 0.5410791015625 0.725806640625 0.546623046875 0.7389111328125 0.5488916015625 0.74949609375 0.54838671875 0.75630078125 0.54536328125 0.758568359375 0.5425908203125 0.7628525390625 0.5277216796875 0.7711689453125 0.5103330078125 0.7792333984375 0.49823632812500007 0.7870458984375 0.4899189453125 0.7948583984375 0.48261132812500007 0.8026708984374998 0.47706640624999996 0.805947265625 0.4662294921875 0.804435546875 0.4634580078125 0.80317578125 0.4566533203125 0.79838671875 0.44581640624999996 0.7941025390625 0.438255859375 0.7840224609375 0.4248994140624999 0.7744453125 0.4170869140624999 0.7691533203125 0.4150703125 0.7686494140625 0.41255078125000005 0.765625 0.4100302734375 0.756048828125 0.405998046875 0.7537802734375 0.4024697265625 0.749244140625 0.398689453125 0.74848828125 0.3964208984375 0.743447265625 0.3949091796875 0.7394150390625 0.3949091796875 0.7353828125 0.3926416015625 0.724798828125 0.3916328125 0.7167333984375 0.3956650390625 0.711189453125 0.40347753906249995 0.7084169921875 0.4115419921875 0.7076611328125 0.4183466796875 0.7084169921875 0.42389160156249994 0.7061494140625 0.429435546875 0.7003525390625 0.437248046875 0.6930439453125 0.45161328125000005 0.688759765625 0.4735380859375001 0.689263671875 0.4921875 0.6917841796875 0.501763671875 0.6978330078125 0.51612890625 0.7066533203125 0.530494140625
11 0.23311523437499998 0.3314013671875 0.2379033203125 0.345009765625 0.23563476562500002 0.361138671875 0.23739941406250004 0.373236328125 0.24042382812500002 0.38331640625 0.2557958984375 0.41229882812500007 0.2666328125 0.42363867187499993 0.27192578125 0.42691503906249995 0.2759580078125 0.41355859375000004 0.280494140625 0.4037294921875 0.2920869140625 0.3865927734375 0.3319052734375 0.3641630859375 0.3329130859375 0.3629033203125 0.3324091796875 0.359123046875 0.328125 0.35307421875 0.3223291015625 0.3487900390625 0.319556640625 0.345009765625 0.3069560546875 0.337197265625 0.290826171875 0.329888671875 0.2744453125 0.31880078125 0.2626005859375 0.3069560546875 0.257056640625 0.295615234375 0.25050390625 0.290826171875 0.24521191406250004 0.288306640625 0.24193554687500002 0.288306640625 0.23588671875 0.290322265625 0.2323583984375 0.2943544921875 0.2290830078125 0.3009072265625 0.22832617187499998 0.3069560546875 0.2288310546875 0.3177919921875 0.2316025390625 0.3223291015625 0.23311523437499998 0.3314013671875
11 0.4254033203125 0.7313505859375 0.43598828125000005 0.7396669921875 0.4387597656250001 0.7391630859375 0.4576611328125 0.7298388671875 0.47857910156249994 0.7149697265625 0.4959677734375 0.69380078125 0.5037802734375 0.678931640625 0.5068046875 0.6650703125 0.50730859375 0.6474296875 0.5040322265625 0.634576171875 0.499244140625 0.625251953125 0.4944560546875 0.618447265625 0.47807421874999995 0.6066025390625 0.467994140625 0.60206640625 0.4574091796875 0.5992939453125 0.4453125 0.5985380859375 0.436744140625 0.60005078125 0.4251513671875 0.6048388671875 0.4128027343749999 0.6139111328125 0.40020117187499993 0.62550390625 0.3954130859375 0.6318046875 0.390373046875 0.639869140625 0.38331640625 0.654486328125 0.3797880859375 0.665322265625 0.376763671875 0.6827119140625 0.37651171875 0.7069052734375 0.3790322265625 0.7099296875 0.40473828125000005 0.719505859375 0.4254033203125 0.7313505859375
11 0.521673828125 0.65675390625 0.52973828125 0.6592744140625 0.5418349609375 0.6595263671875 0.5657763671875 0.6529736328125 0.5725810546875 0.64894140625 0.578376953125 0.6439013671875 0.5811494140625 0.6381044921875 0.585181640625 0.6126513671875 0.5927421875 0.586189453125 0.5904736328125 0.5771171875 0.5869453125 0.570060546875 0.5771171875 0.5546875 0.571572265625 0.54838671875 0.5604833984375 0.5430947265625 0.54637109375 0.5506552734375 0.52973828125 0.5504033203125 0.5191533203125 0.554435546875 0.509072265625 0.562248046875 0.50630078125 0.5655244140625 0.5035283203125 0.5723291015625 0.49949609375000004 0.58744921875 0.499244140625 0.5990419921875 0.500755859375 0.623236328125 0.5118447265625 0.6519658203125 0.521673828125 0.65675390625
11 0.4453125 0.78074609375 0.4397685546875 0.79637109375 0.4306953125 0.8094755859375 0.4274189453125 0.812751953125 0.4266630859375001 0.8152724609375002 0.4271669921875 0.820564453125 0.43472753906249995 0.8321572265625001 0.44380078125000005 0.8394658203125 0.4599296875 0.8467744140625 0.46875 0.8487900390624998 0.4732861328125 0.8482861328125001 0.4800908203125 0.851310546875 0.50151171875 0.8485380859375 0.5191533203125 0.8412294921875001 0.52494921875 0.83744921875 0.5287294921875 0.8339208984374998 0.5337705078125 0.8263613281249998 0.54536328125 0.8142636718750002 0.54838671875 0.80418359375 0.54838671875 0.7910791015625 0.546119140625 0.773185546875 0.5441025390625 0.76512109375 0.5413310546875 0.75831640625 0.531501953125 0.74369921875 0.5251181640625 0.7388271484375 0.5211689453125 0.734123046875 0.5146171875 0.7295869140625 0.49395117187499993 0.7217744140625 0.4813505859375001 0.720513671875 0.4778222656250001 0.719001953125 0.47076660156249994 0.725302734375 0.4518652343749999 0.735130859375 0.4490927734375 0.7391630859375 0.4440527343749999 0.741935546875 0.4417841796875 0.7469755859375 0.4417841796875 0.750755859375 0.445060546875 0.7618447265625 0.446068359375 0.7689013671875 0.4453125 0.78074609375
11 0.453880859375 0.9813505859375 0.46043359375000004 0.98487890625 0.4725302734375 0.9891630859375 0.49168359375000004 0.991935546875 0.514365234375 0.9873994140625 0.5284775390625 0.983115234375 0.5390625 0.97605859375 0.545615234375 0.968498046875 0.552923828125 0.9649697265625001 0.5582158203125 0.96043359375 0.5735888671875 0.9435488281249998 0.578376953125 0.936744140625 0.584173828125 0.9329638671874999 0.5892138671875 0.9251513671874999 0.59223828125 0.9238916015625002 0.5975302734375 0.9193544921875001 0.5995458984375 0.914818359375 0.6073583984375 0.907509765625 0.617439453125 0.8946572265625001 0.6260078125 0.8719755859375 0.625755859375 0.8654238281249998 0.6229833984375 0.8555947265625001 0.6131552734375 0.842994140625 0.608619140625 0.8409775390624998 0.60307421875 0.8407255859375 0.595009765625 0.8387099609375002 0.5839208984375 0.8389619140625 0.5647685546875 0.8427421875000001 0.5504033203125 0.844001953125 0.5438505859375 0.8460185546875 0.5352822265625 0.8455136718750002 0.51411328125 0.8465224609375002 0.5010078125 0.850806640625 0.4944560546875 0.851814453125 0.4881552734375 0.850806640625 0.47605859375000004 0.8533261718750002 0.4730341796875 0.8573583984374998 0.4566533203125 0.8689511718750002 0.44329589843750006 0.8838203124999999 0.43951660156249994 0.8936494140625 0.43548339843750006 0.899697265625 0.43170410156249994 0.9032255859375 0.42691503906249995 0.9110380859375 0.4241435546875 0.92338671875 0.42389160156249994 0.9354833984374998 0.4284277343749999 0.9485888671874999 0.44354882812500007 0.9740419921875001 0.453880859375 0.9813505859375
4 0.234375 0.6552421875 0.2371474609375 0.6786796875 0.24042382812500002 0.686744140625 0.24546386718749996 0.695060546875 0.24848828125 0.6975810546875 0.2555439453125 0.7003525390625 0.271673828125 0.7003525390625 0.2832666015625 0.6925400390625 0.29737890625 0.670615234375 0.3175400390625 0.6524697265625 0.3369453125 0.6295361328125 0.3387099609375 0.62651171875 0.3404736328125 0.6146669921875 0.3389619140625 0.609375 0.3301416015625 0.5960185546875 0.3235888671875 0.5806455078125 0.32182421875 0.56401171875 0.31980859375 0.555947265625 0.3182958984375 0.554435546875 0.3145166015625 0.553427734375 0.3074599609375 0.5526708984375 0.3006552734375 0.548638671875 0.290322265625 0.54838671875 0.274697265625 0.5516630859375 0.2605849609375 0.5587197265625 0.24974804687500002 0.5655244140625 0.24243945312499998 0.571572265625 0.2381552734375 0.577873046875 0.23135058593749996 0.59223828125 0.2285791015625 0.6043349609375 0.22731835937499997 0.615927734375 0.2275703125 0.626763671875 0.2293349609375 0.6373486328125 0.234375 0.6552421875
4 0.1464208984375 0.7109375 0.1527216796875 0.7157255859375 0.158013671875 0.7217744140625 0.1678427734375 0.7288310546875 0.178427734375 0.7316025390625 0.1847275390625 0.7321064453125 0.1905244140625 0.7318544921875 0.1975810546875 0.7298388671875 0.20463671875 0.7300908203125 0.2275703125 0.717490234375 0.2323583984375 0.7139619140625 0.24269140625 0.70262109375 0.24369921875 0.696068359375 0.23891113281250004 0.6854833984375 0.2381552734375 0.6817041015625 0.234375 0.6796875 0.23387109375 0.67817578125 0.23462695312499998 0.6761591796875 0.234375 0.66456640625 0.23286328125 0.6539814453125 0.2285791015625 0.6396171875 0.22782226562500002 0.632560546875 0.22580664062500003 0.62651171875 0.2222783203125 0.6239921875 0.21018164062500003 0.6207158203125 0.196572265625 0.6207158203125 0.18119921875 0.6239921875 0.1754033203125 0.62651171875 0.157509765625 0.6365927734375 0.154990234375 0.6396171875 0.1517138671875 0.640625 0.1439013671875 0.647177734375 0.140373046875 0.66456640625 0.14012109375 0.6849794921875 0.142388671875 0.6998486328125 0.1449091796875 0.7084169921875 0.1464208984375 0.7109375
11 0.20917382812500002 0.5567041015625 0.20917382812500002 0.56401171875 0.2245458984375 0.569052734375 0.23588671875 0.569052734375 0.24193554687500002 0.5677919921875 0.2510078125 0.56199609375 0.25630078125 0.5602314453125 0.2777216796875 0.547126953125 0.2913310546875 0.5302421875 0.2933466796875 0.521673828125 0.29637109375 0.5191533203125 0.2958671875 0.5136083984375 0.297630859375 0.50151171875 0.2835185546875 0.47026171874999995 0.280998046875 0.46698632812500007 0.28125 0.4644658203125 0.282509765625 0.4634580078125 0.28074609375 0.4634580078125 0.2769658203125 0.45892089843750006 0.2774697265625 0.4561494140624999 0.2754541015625 0.4541328125 0.274697265625 0.45035253906249995 0.2724296875 0.4483369140624999 0.2706650390625 0.4440527343749999 0.26713671875 0.44254003906249995 0.258568359375 0.4427919921875 0.24546386718749996 0.445060546875 0.23739941406250004 0.4490927734375 0.23513085937499997 0.4488408203125 0.2137099609375 0.461693359375 0.2058974609375 0.4697578125 0.20136132812500002 0.4730341796875 0.1963203125 0.4803427734375 0.18800390625 0.4944560546875 0.1842236328125 0.509072265625 0.1837197265625 0.5126005859375 0.18800390625 0.5262099609375 0.1895166015625 0.5269658203125 0.20917382812500002 0.5567041015625
13 0.34375 0.6121474609375 0.35105859375 0.617943359375 0.3629033203125 0.6219755859375 0.3792841796875 0.625755859375 0.398689453125 0.62449609375 0.4196064453125 0.6073583984375 0.4329638671875 0.599798828125 0.436744140625 0.5965224609375 0.4400205078125 0.5912294921875 0.44682421874999995 0.5740927734375 0.44732910156249994 0.5569560546875 0.44581640624999996 0.5498994140625 0.4415322265625 0.5410791015625 0.4375 0.5355341796875 0.43019140624999996 0.5277216796875 0.42036328125000005 0.5206650390625 0.4150703125 0.5178935546875 0.3994453125 0.5133564453125 0.389869140625 0.5118447265625 0.375251953125 0.5123486328125 0.368447265625 0.513861328125 0.3563505859375 0.5194052734375 0.34526171875 0.5254541015625 0.3306455078125 0.5362900390625 0.3258564453125 0.5425908203125 0.322076171875 0.5519150390625 0.3228330078125 0.5682958984375 0.3251005859375 0.5819052734375 0.33644140625 0.6038310546875 0.34375 0.6121474609375
11 0.59375 0.6660791015625 0.6005546875 0.6728828125 0.610634765625 0.6796875 0.631552734375 0.6902724609375 0.6446572265625 0.6905244140625 0.657509765625 0.687751953125 0.67036328125 0.6817041015625 0.6917841796875 0.6620458984375 0.7001005859375 0.6514619140625 0.70362890625 0.6441533203125 0.7084169921875 0.6207158203125 0.7084169921875 0.602822265625 0.701865234375 0.578125 0.6963203125 0.5670361328125 0.6895166015625 0.5582158203125 0.688255859375 0.5501513671875 0.68598828125 0.5435986328125 0.6837197265625 0.539314453125 0.677923828125 0.532509765625 0.67036328125 0.5274697265625 0.6597783203125 0.5254541015625 0.650201171875 0.5272177734375 0.6431455078125 0.533013671875 0.6396171875 0.5428427734375 0.639365234375 0.546875 0.6373486328125 0.5506552734375 0.63130078125 0.55317578125 0.6285283203125 0.5572080078125 0.6239921875 0.560736328125 0.61668359375 0.56300390625 0.607611328125 0.5713203125 0.5965224609375 0.5859375 0.592994140625 0.591986328125 0.5869453125 0.6118955078125 0.58442578125 0.6287802734375 0.584173828125 0.6373486328125 0.585685546875 0.6509580078125 0.5887099609375 0.6582666015625 0.59375 0.6660791015625
13 0.22026171875 0.88331640625 0.2242939453125 0.8923886718750002 0.22731835937499997 0.8944052734374999 0.23109863281250004 0.899697265625 0.23286328125 0.9004541015625002 0.23462695312499998 0.9037294921875001 0.2479833984375 0.913306640625 0.24949609375 0.914818359375 0.24974804687500002 0.9168349609375002 0.2537802734375 0.9191025390624998 0.256048828125 0.921623046875 0.3235888671875 0.928427734375 0.33744921875 0.9279238281249998 0.3467744140625 0.923134765625 0.3631552734375 0.9095263671874999 0.37348828125 0.8959169921875001 0.3770166015625 0.8878525390624998 0.3800400390625 0.876259765625 0.38130078125 0.8603828124999999 0.3795361328125 0.845009765625 0.3787802734375 0.8419863281249998 0.37651171875 0.8389619140625 0.365423828125 0.8392138671874999 0.3316533203125 0.8321572265625001 0.3251005859375 0.82963671875 0.3213203125 0.826865234375 0.3160283203125 0.826865234375 0.3147685546875 0.8240927734374999 0.311240234375 0.821068359375 0.305443359375 0.819556640625 0.29637109375 0.8152724609375002 0.2958671875 0.81401171875 0.290322265625 0.8102314453125 0.2757060546875 0.7930947265625 0.2691533203125 0.7870458984375 0.26612890625 0.7865419921875 0.25630078125 0.788306640625 0.24697558593749996 0.7918349609375 0.23563476562500002 0.798134765625 0.22958691406250004 0.8026708984374998 0.21698632812500002 0.81401171875 0.2129541015625 0.8213203124999999 0.20967773437499998 0.8319052734374999 0.20917382812500002 0.8404736328125001 0.21043359375 0.8540830078124999 0.2162294921875 0.8775205078124999 0.22026171875 0.88331640625